0.468089
0.568916
0.582244
0.569567
0.482202
0.469287
0.517519
0.479459
0.444356
0.501968
0.478274
0.500045
0.469173
0.463651
0.431263
0.483829
0.496197
0.506774
0.491613
0.487323
0.473805
0.460534
0.491466
0.472911
0.464706
0.474255
0.487045
0.495588
0.452359
0.466993
0.477759
0.469672
0.482056
0.467667
0.446012
0.433098
0.460451
0.480219
0.466469
0.444045
0.449498
0.464448
0.434466
0.454821
0.469328
0.451591
0.451367
0.438481
0.442325
0.399961
0.394927
0.397651
0.41349
0.4617
0.473561
0.451043
0.403639
0.404399
0.409236
0.414908
0.384906
0.397583
0.4163
0.389096
0.410553
0.407677
0.377587
0.3896
0.404482
0.371276
0.365386
0.372574
0.349063
0.349743
0.356821
0.372936
0.385082
0.384948
0.386426
0.358592
0.353429
0.360029
0.368019
0.364035
0.377917
0.399553
0.377571
0.394709
0.377171
0.386801
0.392425
0.392492
0.40808
0.388836
0.418097
0.408686
0.371976
0.366371
0.352922
0.369109
0.384279
0.382957
0.350853
0.347678
0.351571
0.34564
0.347465
0.365269
0.389751
0.426748
0.470406
0.412395
0.433341
0.427321
0.408189
0.399831
0.417604
0.426199
0.391718
0.394211
0.418409
0.399315
0
0
0
0
0
0
0
0
0
0
0
0
0
0
0
0
0
0
0
0
0.395289
0.413001
0.41436
0.425003
0.413113
0.422508
0.407834
0.427268
0.438061
0.456601
0.414099
0.455255
0.470133
0.469546
0.504265
0.423085
0.389085
0.410689
0.441273
0.445825
0.410918
0.376093
0.394336
0.42193
0.401974
0.418087
0.405308
0.380364
0.378514
0.397486
0.381497
0.395671
0.383065
0.428837
0.392408
0.407006
0.39864
0.408026
0.411509
0.433382
0.419299
0.411391
0.398935
0.377093
0.367067
0.35713
0.342571
0.339829
0.336441
0.343076
0.362485
0.364906
0.344258
0.342072
0.349262
0.362888
0.358995
0.372444
0.421854
0.487771
0.455458
0.464076
0.477658
0.470747
0.448141
0.40609
0.431815
0.420556
0.411358
0.418298
0.426889
0.412867
0.406565
0.372266
0.363052
0.377557
0.385531
0.37755
0.400436
0.389738
0.406772
0.438787
0.42743
0.401167
0.467331
0.4231
0.500764
0.440309
0.445581
0.423875
0.416346
0.406618
0.429103
0.427648
0.429946
0.393256
0.376127
0.374146
0.401747
0.390642
0.40931
0.392306
0.423725
0.438584
0.416344
0.412802
0.382387
0.423409
0.440671
0.467576
0.443483
0.466977
0.386738
0.400869
0.400366
0.411368
0.438732
0.447304
0.480559
0.452091
0.410125
0.359448
0.373617
0.414704
0.43258
0.382073
0.394241
0.405725
0.448733
0.397286
0.369473
0.445096
0.405025
0.460774
0.460035
0.467411
0.429797
0.432666
0.428463
0.427665
0.39667
0.405428
0.379559
0.353929
0.389452
0.397986
0.42194
0.398179
0.37512
0.363877
0.429823
0.444888
0.397079
0.429815
0.432929
0.462384
0.402825
0.38266
0.360536
0.35227
0.359406
0.375503
0.406297
0.398519
0.380177
0.356024
0.362231
0.377241
0.422174
0.410324
0.419516
0.374977
0.40592
0.437998
0.396886
0.38157
0.396642
0.416833
0.437671
0.451589
0.407478
0.441885
0.454376
0.407513
0.365779
0.349748
0.349347
0.381098
0.389643
0.358716
0.350801
0.354827
0.384176
0.46504
0.430524
0.438969
0.415334
0.40403
0.413842
0.431164
0.398109
0
0
0.443255
0.444098
0.456668
0.420245
0.422434
0.418922
0.443586
0.423454
0.384768
0.361137
0.417689
0.435459
0.401405
0.387157
0.435787
0.445878
0.431204
0.434689
0.433288
0.417397
0.376255
0.360466
0.364404
0.400634
0.43596
0.418627
0.50407
0.435098
0.370704
0.366517
0.381497
0.370256
0.438916
0.447043
0.453111
0.436601
0.45565
0.409992
0.407546
0.411129
0.415926
0.402258
0.395813
0.375674
0.372184
0.359521
0.346465
0.349371
0.364628
0.369982
0.372637
0.353316
0.361614
0.374782
0.397068
0.384325
0.383431
0.398792
0.390801
0.365721
0.35172
0.347434
0.372721
0.387138
0.403356
0.386331
0.389297
0.367403
0.356087
0.36119
0.364639
0.364101
0.356552
0.378165
0.395114
0.389869
0.406812
0.404147
0.414185
0.406501
0.398233
0.39743
0.396526
0.391272
0.384768
0.371632
0.360741
0.368469
0.372269
0.365259
0.339833
0.345838
0.368967
0.355228
0.352617
0.370654
0.391068
0.388462
0.346302
0.340406
0.342765
0.376884
0.386777
0.398313
0.363476
0.392516
0.408014
0.413712
0.407948
0.404545
0.382463
0.410784
0.400184
0.415799
0.378679
0.367352
0.364608
0.353755
0.355057
0.360507
0.370145
0.4019
0.441944
0.447282
0.470552
0.472389
0.386703
0.387992
0.405583
0.403977
0.399567
0.36941
0.391918
0.403615
0.37752
0.406806
0.431422
0.462024
0.473003
0.440155
0.447247
0.460475
0.455198
0.458414
0.485079
0.499074
0.531428
0.507868
0.466939
0.369088
0.366076
0.376936
0.394239
0.408255
0.407685
0.37339
0.381053
0.418322
0.460617
0.477105
0.448028
0.442598
0.509659
0.470275
0.419065
0.414592
0.383029
0.37346
0.374026
0.378424
0.365489
0.367383
0.399507
0.385336
0.387421
0.380923
0.394121
0.373851
0.363989
0.380483
0.401696
0.432518
0.401444
0.383961
0.360942
0.394094
0.422877
0.446812
0.416414
0.414853
0.400691
0.447353
0.424085
0.425602
0.444251
0.452367
0.454404
0.476656
0.497384
0.490971
0.436402
0.498581
0.448402
0.42548
0.415529
0.404241
0.417582
0.438476
0.400317
0.384971
0.401748
0.401185
0.393009
0.407346
0.400234
0.41502
0.387434
0.385959
0.401053
0.376927
0.41498
0.442332
0.409036
0.370231
0.409531
0.356015
0.360365
0.36213
0.350383
0.347424
0.36014
0.353767
0.339202
0.347161
0.340431
0.352007
0.361418
0.359298
0.352915
0.367145
0
0
0.378294
0.353717
0.344292
0.354637
0.363906
0.377921
0.384402
0.383708
0.392194
0.358917
0.345171
0.35366
0.363351
0.370606
0.386892
0.38139
0.374086
0.365785
0.387171
0.395984
0.397439
0.36522
0.380374
0.370188
0.366029
0.386466
0.406383
0.387313
0.393713
0.421881
0.445268
0.435329
0.437001
0.486103
0.465676
0.487858
0.460824
0.384733
0.391859
0.388473
0.433214
0.442752
0.40842
0.403047
0.398454
0.430884
0.423022
0.421625
0.412959
0.392884
0.384087
0.351758
0.353672
0.357494
0.362442
0.374486
0.396663
0.400571
0.370084
0.378599
0.373961
0.37135
0.398941
0.394491
0.380801
0.384529
0.40207
0.382673
0.365108
0.347464
0.348136
0.343735
0.34801
0.355054
0.367003
0.360162
0.394152
0.405407
0.396325
0.387351
0.355286
0.355005
0.353426
0.383045
0.388325
0.381543
0.394308
0.375654
0.38479
0.395611
0.448167
0.449033
0.428427
0.432978
0.41499
0.389959
0.376931
0.368386
0.368736
0.388439
0.427614
0.468082
0.467141
0.429719
0.445619
0.44743
0.480812
0.545956
0.491298
0.516579
0.457644
0.448743
0.498608
0.516282
0.528453
0.454911
0.426933
0.389818
0.372948
0.398203
0.388846
0.402411
0.405901
0.407891
0.376609
0.364088
0.371391
0.376065
0.385434
0.373406
0.41679
0.432328
0.402628
0.374833
0.355207
0.343487
0.354218
0.351019
0.346846
0.348581
0.342686
0.349674
0.364566
0.401739
0.420812
0.408906
0.431144
0.407673
0.392117
0.35854
0.360842
0.352776
0.357754
0.373692
0.392707
0.427328
0
0
0.401965
0.407464
0.40076
0.411889
0.391751
0.42034
0.382207
0.350555
0.347779
0.351764
0.353315
0.353458
0.341975
0.347685
0.344529
0.352491
0.373254
0.365499
0.353378
0.383827
0.372172
0.372652
0.373859
0.377147
0.398891
0.407796
0.403904
0.387866
0.360177
0.365537
0.388083
0.410155
0.398224
0.38053
0.370438
0.382968
0.393327
0.395781
0.371013
0.352044
0.354688
0.345672
0.357951
0.375701
0.36806
0.35265
0.358372
0.390536
0.385104
0.367949
0.362515
0.383546
0.363367
0.358406
0.370847
0.361662
0.381365
0.3943
0.389982
0.384863
0.357608
0.392814
0.366708
0.357721
0.341977
0.342995
0.352398
0.385421
0.375096
0.368045
0.3805
0.377849
0.379319
0.358646
0.353006
0.353654
0.379675
0.397222
0.364176
0.346041
0.355508
0.345919
0.346874
0.34399
0.341103
0.349786
0.353848
0.391428
0.414433
0.397358
0.373847
0.36718
0.382978
0.372625
0.396584
0.381026
0.395472
0.37952
0.364803
0.37544
0.413598
0.403787
0.414146
0.381695
0.36961
0.360373
0.354607
0.388127
0.380083
0.34875
0.342987
0.355154
0.367088
0.380836
0.378603
0.351232
0.356578
0.389316
0.39568
0.36565
0.351521
0.369126
0.385301
0.3633
0.360073
0.367364
0.369598
0.351262
0.356828
0.363178
0.382987
0.40528
0.425266
0.438515
0.409235
0.416108
0.391766
0.39835
0.413374
0.404066
0.517923
0.536478
0.451494
0.440493
0.399892
0.419495
0.440828
0.405741
0.385163
0.404362
0.441118
0.390285
0.356108
0.380967
0.431988
0.392434
0.419693
0.407707
0.356395
0.34972
0.351503
0.356504
0.354026
0.354442
0.350968
0.349135
0.349313
0.344848
0.348928
0.346544
0.356301
0.41695
0.422014
0.396075
0.398859
0.39244
0.388682
0.400769
0.408068
0.374709
0.383468
0.375549
0.38359
0.4028
0.364064
0.357058
0.366634
0
0
0.374905
0.360863
0.352365
0.379825
0.399396
0.400203
0.414853
0.402091
0.37892
0.377868
0.377673
0.394017
0.401288
0.371134
0.375027
0.36959
0.395903
0.38814
0.396256
0.415999
0.379908
0.390741
0.409992
0.406864
0.408747
0.389247
0.403724
0.412342
0.396489
0.403484
0.416212
0.389779
0.390732
0.370128
0.35848
0.34196
0.350075
0.364759
0.369757
0.36064
0.366499
0.377195
0.348323
0.372097
0.365376
0.373168
0.391413
0.381499
0.366476
0.371906
0.354228
0.350131
0.359755
0.366683
0.355402
0.342718
0.344629
0.366455
0.375786
0.376868
0.371053
0.374998
0.39236
0.400776
0.379038
0.389146
0.388364
0.370731
0.363143
0.386115
0.361578
0.351055
0.376495
0.385638
0.383567
0.38182
0.384219
0.402054
0.377674
0.363437
0.363277
0.385149
0.431833
0.447421
0.463979
0.455374
0.41969
0.418382
0.434006
0.448212
0.458696
0.41666
0.463297
0.412483
0.383586
0.370099
0.4033
0.393979
0.375314
0.430775
0.486291
0.439555
0.40535
0.384036
0.42938
0.418733
0.384353
0.418647
0.413874
0.403816
0.43341
0.384076
0.358164
0.373215
0.365382
0.357567
0.367617
0.38207
0.425644
0.434214
0.44175
0.424659
0.45394
0.469688
0.443078
0.428131
0.464378
0.502718
0.480257
0.479306
0.480095
0.456523
0.430177
0.440933
0.420918
0.457808
0.422383
0.428351
0.428225
0.436801
0.384748
0.373613
0.420438
0.41274
0.397481
0.421373
0.435142
0.431778
0.419664
0.416182
0.396657
0.386173
0.401601
0.415449
0.377031
0.37052
0.407469
0.395657
0.412403
0.411261
0.411645
0.417438
0.458628
0.486029
0.432803
0.500253
0.467642
0.461009
0.46268
0.454059
0.403539
0.44042
0.45444
0.471245
0.455603
0.491319
0.447061
0.397424
0.393013
0.387594
0.356082
0.362522
0.366714
0.381113
0.420187
0.400677
0.35968
0.352584
0.380723
0.377561
0.378283
0
0
0.367015
0.355042
0.360493
0.375824
0.346005
0.347032
0.342221
0.346908
0.351316
0.366342
0.385494
0.364866
0.376789
0.404006
0.365981
0.380107
0.361964
0.364564
0.367638
0.378457
0.358799
0.370598
0.378524
0.380864
0.381724
0.393135
0.385588
0.396227
0.39825
0.41739
0.385139
0.354397
0.351422
0.344654
0.347412
0.357123
0.37228
0.355573
0.389846
0.380812
0.356475
0.340169
0.344121
0.361426
0.390544
0.399802
0.420202
0.419697
0.409654
0.407915
0.410311
0.394843
0.366709
0.379425
0.356391
0.376068
0.377938
0.384042
0.387763
0.351337
0.367504
0.365369
0.362959
0.360129
0.385446
0.373009
0.368349
0.35719
0.364223
0.383888
0.390078
0.377278
0.379163
0.400057
0.388963
0.38822
0.399314
0.409663
0.406466
0.362747
0.34946
0.368918
0.393965
0.395564
0.378625
0.369734
0.374976
0.407261
0.412859
0.441374
0.42822
0.389393
0.367098
0.395153
0.40645
0.394932
0.428423
0.445327
0.437878
0.431526
0.417512
0.401623
0.394639
0.409369
0.380835
0.440665
0.459219
0.472933
0.44
0.464559
0.459963
0.547102
0.564584
0.531665
0.423294
0.483905
0.498654
0.479257
0.386197
0.376529
0.348825
0.363809
0.357329
0.368357
0.357138
0.35281
0.355405
0.375502
0.370103
0.363719
0.363115
0.375346
0.38956
0.410232
0.406226
0.399919
0.41067
0.410245
0.419848
0.407154
0.414992
0.437985
0.410523
0.410954
0.395804
0.394526
0.397719
0.424925
0.400754
0.389883
0.404808
0.388503
0.398132
0.400072
0.419909
0.487359
0.451647
0.391569
0.449041
0.39192
0.37311
0.419615
0.420717
0.372424
0.363608
0.379614
0.439432
0.443442
0.428066
0.368552
0
0
0.366748
0.393129
0.430746
0.415523
0.435242
0.449793
0.436243
0.436513
0.403177
0.442396
0.437061
0.463786
0.513364
0.482546
0.48891
0.421469
0.396786
0.361012
0.357509
0.365274
0.350326
0.355304
0.347808
0.345345
0.345573
0.373534
0.371811
0.355544
0.365229
0.383464
0.382184
0.383124
0.365563
0.370529
0.386331
0.390219
0.429174
0.47076
0.466103
0.518916
0.495868
0.436361
0.381252
0.402971
0.434339
0.396596
0.393189
0.372226
0.353959
0.362904
0.385576
0.377145
0.359299
0.357365
0.355631
0.393219
0.37191
0.345434
0.347391
0.363753
0.371
0.365745
0.37129
0.360768
0.348596
0.374597
0.433384
0.455182
0.44007
0.415828
0.443036
0.426644
0.387033
0.415175
0.403825
0.366848
0.4015
0.424237
0.447405
0.433618
0.40687
0.423744
0.407248
0.382575
0.359184
0.359222
0.387058
0.444537
0.453834
0.480646
0.452039
0.43733
0.420842
0.441217
0.486092
0.435365
0.508016
0.479412
0.422157
0.487298
0.487716
0.456327
0.426039
0.376467
0.378363
0.400466
0.398189
0.390273
0.446014
0.40798
0.392584
0.39797
0.410439
0.38129
0.395607
0.410882
0.417777
0.420019
0.428342
0.39608
0.376615
0.383964
0.407002
0.412253
0.38239
0.363591
0.364738
0.363202
0.363388
0.393229
0.378131
0.357811
0.35766
0.361772
0.367882
0.366596
0.388942
0.398471
0.467098
0.442088
0.408599
0.383097
0.392454
0.406964
0.392573
0.41424
0.4451
0.473968
0.434224
0.400354
0.398528
0.427892
0.440224
0.424276
0.396041
0.394257
0.384382
0.407828
0
0
0.37747
0.383594
0.396315
0.402153
0.386924
0.379988
0.406549
0.450358
0.410566
0.444191
0.423472
0.395427
0.407883
0.388866
0.384242
0.391513
0.386017
0.366889
0.371428
0.3661
0.362195
0.362994
0.358135
0.36928
0.365799
0.359103
0.358858
0.355425
0.35753
0.362927
0.360156
0.363591
0.360604
0.358541
0.37181
0.37189
0.371085
0.357998
0.386977
0.41457
0.399662
0.404481
0.406839
0.373266
0.376002
0.411387
0.390891
0.382638
0.403222
0.387662
0.391634
0.376642
0.365287
0.392964
0.374663
0.374811
0.396737
0.440959
0.415421
0.380291
0.366684
0.395122
0.38559
0.365798
0.359189
0.356139
0.364981
0.410636
0.425718
0.394047
0.390581
0.411559
0.405845
0.418747
0.411782
0.402297
0.381859
0.387987
0.397822
0.387061
0.375409
0.373938
0.362552
0.376399
0.376841
0.372386
0.387313
0.419521
0.43012
0.425226
0.403004
0.503285
0.519867
0.390074
0.471393
0.46061
0.482049
0.413784
0.388482
0.378363
0.382224
0.436255
0.454502
0.430503
0.417658
0.460133
0.451971
0.430669
0.36946
0.352798
0.372457
0.362917
0.397003
0.397634
0.414203
0.437823
0.466284
0.479569
0.43029
0.384114
0.415577
0.416277
0.447825
0.421743
0.425659
0.411886
0.380142
0.382263
0.411255
0.372324
0.384687
0.386364
0.458609
0.433694
0.370386
0.410117
0.452071
0.440601
0.393153
0
0
0.396492
0.440968
0.417027
0.425152
0.36673
0.356184
0.384128
0.39803
0.403471
0.401819
0.410541
0.393959
0.393201
0.385617
0.364776
0.408425
0.386741
0.375812
0.375308
0.373828
0.397008
0.407781
0.391186
0.368986
0.40419
0.387134
0.380404
0.388201
0.406028
0.379918
0.354738
0.356862
0.34382
0.354565
0.384482
0.413058
0.378089
0.344636
0.352919
0.356092
0.396758
0.378902
0.358105
0.354292
0.367833
0.376245
0.370828
0.369028
0.395765
0.410226
0.402846
0.402983
0.420578
0.405533
0.370333
0.416423
0.421201
0.427085
0.381894
0.380373
0.361921
0.372481
0.37258
0.372558
0.369904
0.345123
0.345279
0.342747
0.342913
0.345026
0.361211
0.388032
0.390468
0.393483
0.393674
0.388822
0.378377
0.405881
0.425006
0.425378
0.418986
0.395909
0.421205
0.400093
0.392105
0.423362
0.384516
0.419006
0.45627
0.422466
0.416805
0.376519
0.378074
0.435403
0.460678
0.443623
0.537071
0.549233
0.555875
0.563536
0.510276
0.424491
0.397075
0.401667
0.377349
0.408559
0.387348
0.411703
0.394307
0.374226
0.35089
0.351465
0.349136
0.355043
0.375846
0.387853
0.387433
0.412765
0.380631
0.390296
0.406441
0.379782
0.382282
0.366835
0.371765
0.357295
0.355233
0.374851
0.395367
0.359615
0.351289
0.345526
0.35824
0.398112
0.438029
0.459686
0.447696
0.447814
0.431144
0.440126
0.394097
0.395541
0.402354
0.379494
0.395851
0.414459
0.393871
0.401515
0.413901
0
0
0
0
0
0
0
0
0
0
0
0
0
0
0
0
0
0.401154
0.392109
0.407964
0.383974
0.388246
0.390051
0.415188
0.398531
0.389225
0.398704
0.377315
0.353963
0.389727
0.395127
0.403763
0.406031
0.387823
0.385071
0.368309
0.405392
0.391595
0.407978
0.409252
0.404551
0.408907
0.445358
0.428901
0.461972
0.418836
0.430736
0.454122
0.450539
0.431748
0.436307
0.424515
0.442481
0.452745
0.396915
0.39129
0.375971
0.348556
0.356987
0.398828
0.390168
0.395498
0.430848
0.409504
0.430492
0.382289
0.408759
0.419512
0.46552
0.4441
0.385254
0.417077
0.39053
0.37652
0.413748
0.421971
0.473565
0.405629
0.448866
0.456641
0.435944
0.472689
0.508395
0.51412
0.507219
0.511184
0.47771
0.482571
0.545019
0.547484
0.538239
0.590294
0.539806
0.526689
0.455193
0.459891
0.403145
0.443758
0.389823
0.433534
0.436184
0.425084
0.400425
0.362269
0.38925
0.438074
0.449231
0.442423
0.427051
0.417422
0.400105
0.400261
0.401629
0.365245
0.378557
0.409611
0.397598
0.405766
0.403965
0.392931
0.399623
0.398081
0.399301
0.426279
0.434704
0.404272
0.400506
0.403784
0.405401
0.431801
0.389825
0.389721
0.403117
0.394819
0
0
0.389074
0.46443
0.435545
0.423466
0.413891
0.438883
0.439572
0.42793
0.452596
0.407344
0.386122
0.365544
0.370289
0.356033
0.344462
0.343863
0.351
0.362937
0.381407
0.392826
0.380917
0.379844
0.402376
0.393375
0.35555
0.354479
0.359415
0.387633
0.429993
0.473961
0.48701
0.499565
0.413922
0.434485
0.404252
0.4299
0.397683
0.463719
0.489185
0.450913
0.414647
0.366323
0.374385
0.393191
0.400652
0.419136
0.450531
0.392232
0.375681
0.391366
0.389091
0.39546
0.415768
0.420884
0.390661
0.415414
0.44159
0.467642
0.404728
0.42676
0.478634
0.450765
0.45835
0.460818
0.418072
0.377219
0.390739
0.370288
0.375631
0.404489
0.42166
0.403674
0.422452
0.422638
0.415454
0.378049
0.422978
0.422941
0.434675
0.448819
0.418437
0.444133
0.439456
0.465952
0.482568
0.42611
0.435666
0.440918
0.444367
0.455923
0.470659
0.491239
0.559708
0.497454
0.548074
0.565633
0.536926
0.473198
0.401242
0.382163
0.421607
0.400559
0.445468
0.424755
0.414778
0.430131
0.436202
0.40846
0.400214
0.415763
0.382216
0.453458
0.424222
0.432958
0.409738
0.371286
0.364158
0.359802
0.352698
0.352487
0.363911
0.396229
0.366457
0.365597
0.383997
0.375095
0.412333
0.418198
0.426588
0.416789
0.414466
0.356579
0.351417
0.364185
0.368069
0.36811
0.375256
0.40394
0.477811
0.476332
0.447601
0.462327
0.396563
0.364701
0.383686
0.374811
0
0
0.370268
0.361886
0.379169
0.446884
0.389091
0.40158
0.44435
0.505349
0.467442
0.476781
0.529618
0.505756
0.499074
0.503375
0.496951
0.513103
0.506223
0.465888
0.462615
0.440465
0.435102
0.464932
0.455665
0.422591
0.42858
0.401875
0.367558
0.358398
0.3887
0.381418
0.363933
0.391178
0.402441
0.381336
0.361669
0.368988
0.352229
0.371003
0.396459
0.407125
0.405508
0.391304
0.370593
0.356018
0.35435
0.348782
0.377287
0.381467
0.392662
0.370839
0.360424
0.355822
0.369785
0.397732
0.391866
0.382761
0.396671
0.416483
0.422426
0.445725
0.414186
0.421639
0.449991
0.486605
0.46636
0.491592
0.452684
0.40992
0.41969
0.419524
0.407289
0.440376
0.467254
0.384239
0.42032
0.41993
0.436911
0.431808
0.41781
0.444036
0.466002
0.406622
0.455894
0.427193
0.469071
0.474812
0.427843
0.439433
0.490576
0.430801
0.434696
0.40493
0.376995
0.394825
0.423326
0.421973
0.397663
0.374947
0.372521
0.354935
0.358916
0.392992
0.367429
0.365575
0.374875
0.366097
0.36928
0.391207
0.392658
0.396629
0.369668
0.384491
0.393673
0.434479
0.414099
0.374869
0.416884
0
0
0.395757
0.37734
0.369651
0.366705
0.36103
0.394614
0.375133
0.374012
0.382202
0.385252
0.394168
0.437563
0.471504
0.457728
0.434668
0.482362
0.483655
0.470304
0.380718
0.471425
0.472892
0.418412
0.368932
0.350674
0.356149
0.365955
0.393949
0.400042
0.396098
0.397156
0.386335
0.398725
0.402488
0.389611
0.375591
0.371752
0.355951
0.351648
0.353542
0.392907
0.382684
0.356112
0.361561
0.367945
0.352804
0.357325
0.370248
0.349264
0.344057
0.350088
0.347466
0.360603
0.380098
0.365253
0.354943
0.385026
0.406267
0.414001
0.416011
0.411968
0.3823
0.400037
0.384014
0.391002
0.397227
0.392492
0.391746
0.430127
0.414229
0.42049
0.421881
0.446327
0.459733
0.464051
0.473012
0.441901
0.474053
0.459376
0.433359
0.424058
0.464922
0.436197
0.432368
0.46309
0.47006
0.484116
0.474654
0.487668
0.48953
0.411079
0.409307
0.425617
0.445906
0.451072
0.490628
0.529403
0.494404
0.142857
0
0
0
0
0
0
0
0
0
0
0
0
0
0
0
0
0
0
0.415063
0.422784
0.425322
0.40798
0.39643
0.425906
0.419927
0.408641
0.434595
0.42014
0.409648
0.427985
0.430024
0.39112
0.399481
0.384507
0.368227
0.390822
0.388842
0.356748
0.378195
0.399386
0.40951
0.390535
0.401755
0.401014
0.418469
0.409118
0.386631
0.393703
0.39437
0.408821
0.404174
0.415552
0.410208
0.358942
0.350885
0.342731
0.343199
0.344674
0.366659
0.375854
0.368955
0.345913
0.337281
0.346021
0.342821
0.348995
0.348046
0.3471
0.334872
0.344777
0.344391
0.352664
0.384029
0.38159
0.37669
0.37473
0.379939
0.372591
0.37699
0.384537
0.35624
0.345533
0.34
0.348297
0.348084
0.344499
0.344217
0.3454
0.341883
0.34894
0.364473
0.361024
0.361564
0.368913
0.410856
0.395247
0.389515
0.415803
0.436548
0.428268
0.410522
0.369776
0.388984
0.360039
0.35937
0.376446
0.395848
0.372597
0.387598
0.426491
0.458132
0.481098
0.489529
0.523455
0.470921
0.142857
0
0
0
0
0
0
0
0
0
0
0
0
0
0
0
0
0
0
0.411392
0.391121
0.434582
0.394508
0.465927
0.463542
0.391151
0.366475
0.348759
0.349005
0.357291
0.375353
0.39388
0.390759
0.377189
0.411969
0.422308
0.385657
0.380971
0.377016
0.388322
0.36209
0.345294
0.347021
0.341405
0.354695
0.381805
0.355614
0.348674
0.356116
0.37462
0.414358
0.404259
0.400848
0.393855
0.39706
0.418368
0.402223
0.395788
0.394172
0.399535
0.382384
0.403069
0.390216
0.381906
0.416303
0.445765
0.402805
0.386067
0.406484
0.457741
0.432952
0.411788
0.410904
0.448917
0.45716
0.453082
0.438954
0.473515
0.434616
0.387598
0.379528
0.385667
0.378254
0.352837
0.356713
0.366488
0.365222
0.368638
0.403384
0.421295
0.434296
0.454023
0.430884
0.456949
0.450879
0.46547
0.446113
0.431064
0.413307
0.454699
0.486479
0.486185
0.471184
0.484049
0.508983
0.569799
0.469433
0.511338
0.142857
0
0
0
0
0
0
0
0
0
0
0
0
0
0
0
0
0
0
0
0.424962
0.417034
0.421334
0.427595
0.391899
0.421651
0.41951
0.410557
0.434964
0.448624
0.421545
0.447941
0.422832
0.404716
0.415389
0.381868
0.367745
0.372686
0.389452
0.39662
0.451281
0.465195
0.451518
0.429399
0.419045
0.435521
0.382119
0.372231
0.394543
0.376839
0.396125
0.410202
0.415921
0.394324
0.366141
0.395404
0.382243
0.403582
0.410553
0.41561
0.406388
0.410867
0.410897
0.432933
0.43004
0.464516
0.457995
0.433751
0.446869
0.441035
0.466969
0.413491
0.421554
0.421463
0.499762
0.493005
0.418282
0.428418
0.482636
0.450301
0.432084
0.422148
0.438105
0.435894
0.41652
0.447056
0.417765
0.383
0.434371
0.464685
0.468576
0.441683
0.429754
0.444001
0.391217
0.385924
0.395543
0.383293
0.406132
0.437165
0.429319
0.458515
0.438018
0.572541
0.577248
0.55048
0.493806
0.515887
0.459889
0.413297
0.412698
0.438906
0.437521
0.447299
0.485138
0.463203
0.420603
0.438096
0.465881
0.462203
0.434985
0.445278
0.449389
0.427429
0.439572
0.440548
0.450866
0.437686
0.426437
0.417009
0.47689
0.492372
0.489846
0.505962
0.459846
0.41748
0.423993
0.415856
0.375486
0
0
0
0
0
0
0
0
0
0
0.418676
0.398127
0.435581
0.470283
0.457511
0.418658
0.395392
0.400364
0.432548
0.438956
0.447794
0.495145
0.448365
0.373604
0.366372
0.361209
0.368781
0.362327
0.370083
0.41017
0.467363
0.504733
0.468862
0.442186
0.477506
0.425887
0.410394
0.425943
0.434498
0.443794
0.365043
0.41218
0.425609
0.427879
0.41484
0.47531
0.418285
0.43404
0.491865
0.537659
0.487767
0.508908
0.56842
0.546061
0.544278
0.507538
0.519447
0.479144
0.46941
0.495678
0.454853
0.464311
0.511609
0.468822
0.459387
0.433699
0.424774
0.412064
0.399575
0.405822
0.43443
0.454092
0.510886
0.483796
0.466457
0.437741
0.457529
0.383624
0
0
0.44611
0.454287
0.476191
0.413409
0.440741
0.442695
0.438234
0.447592
0.435201
0.460597
0.441785
0.485409
0.478715
0.46702
0.456181
0.491023
0.47682
0.492763
0.49974
0.43754
0.446307
0.45409
0.474078
0.506089
0.421168
0.37223
0.356891
0.373165
0.399046
0.416341
0.46386
0.442177
0.419339
0.417671
0.402779
0.433895
0.430514
0.452297
0.428485
0.435705
0.434964
0.428119
0.381409
0.372156
0.381176
0.457576
0.491707
0.514832
0.512265
0.504567
0.499802
0.508607
0.543473
0.510397
0.582241
0.536319
0.554412
0.422978
0.365782
0.390561
0.416368
0.376324
0.398873
0.398795
0.417809
0.426389
0.410755
0.426404
0.424007
0.437055
0.438688
0.408202
0.372405
0
0
0.3914
0.421472
0.416862
0.423711
0.402285
0.390145
0.39651
0.372728
0.352473
0.346257
0.361761
0.403068
0.368098
0.358631
0.386814
0.414702
0.423399
0.412449
0.367925
0.367284
0.355948
0.378008
0.363631
0.361447
0.404779
0.440259
0.435263
0.445966
0.447374
0.440519
0.42284
0.387641
0.367776
0.379782
0.382733
0.385348
0.395999
0.430366
0.435647
0.405405
0.362058
0.391787
0.422331
0.390179
0.355337
0.347592
0.342627
0.350763
0.354954
0.373934
0.380393
0.350278
0.369079
0.398002
0.41958
0.412708
0.450637
0.412433
0.455804
0.499665
0.470623
0.463684
0.447295
0.449969
0.468251
0.445183
0.432499
0.394279
0.369902
0.381363
0.391976
0.404072
0.384547
0.387164
0.397345
0.372494
0.385712
0.406695
0.438262
0.426172
0.433824
0.417909
0.413942
0.413736
0.450933
0.452168
0.453067
0.392758
0
0
0.401698
0.472358
0.493288
0.462955
0.448741
0.469172
0.476258
0.468473
0.451017
0.395979
0.443443
0.42527
0.427483
0.464973
0.449177
0.470369
0.449783
0.467199
0.469814
0.484522
0.470653
0.450212
0.408077
0.423046
0.383237
0.400084
0.479296
0.474882
0.466272
0.442348
0.449389
0.538779
0.568694
0.558518
0.566455
0.486281
0.487091
0.434184
0.358643
0.360766
0.359787
0.398567
0.409426
0.409985
0.416757
0.412188
0
0
0.412589
0.408762
0.387775
0.388385
0.389398
0.374974
0.389588
0.389002
0.388541
0.393807
0.395933
0.398878
0.387084
0.399727
0.39916
0.38735
0
0
0
0
0
0
0
0
0
0
0
0
0
0
0
0
0
0
0
0
0
0
0
0
0
0
0
0
0
0.402284
0.39174
0.546051
0.591156
0.545935
0.555434
0.541033
0.53111
0.490237
0.507433
0.503912
0.449571
0.521686
0.499284
0.467574
0.504186
0.502551
0.478501
0.49913
0.524378
0.544151
0.507771
0.406023
0.409461
0.412985
0.413636
0.398669
0
0
0.365357
0.419062
0.446625
0.472674
0.442931
0.428808
0.484324
0.468025
0.468768
0.505317
0.422829
0.477132
0.512967
0.464078
0.49471
0.504311
0.44053
0.434214
0.518519
0.497109
0.506074
0.495049
0.522982
0.523701
0.502627
0.436979
0.448138
0.497343
0.505564
0.471478
0.440608
0.47468
0.461769
0.142857
0
0
0
0
0
0
0
0
0
0
0
0
0
0
0
0.412076
0.439359
0.478271
0.504715
0.525899
0.498131
0.462355
0.492731
0.49525
0.471705
0.447933
0.463728
0.423566
0.468109
0.474539
0.47289
0.455018
0.443325
0.420056
0.459716
0.458699
0.517506
0.514846
0.515266
0.447606
0.476975
0.498941
0.51292
0.490626
0.504762
0.510995
0.493382
0.47602
0.505771
0.548725
0.53971
0.142857
0
0
0
0
0
0
0
0
0.410924
0.380225
0.404628
0
0
0.3737
0.394908
0.375987
0.357755
0.377574
0.371568
0.351927
0.349073
0.348673
0.351054
0.34464
0.355333
0.365114
0.392751
0.368867
0.365265
0.395464
0.370718
0.414034
0.442925
0.431289
0.433274
0.418942
0.444281
0.431007
0.422769
0.432355
0.41887
0.440349
0.494941
0.513072
0.524383
0.524327
0.498179
0.489279
0.445476
