0.42396
0.501407
0.598332
0.5395
0.594504
0.56862
0.584568
0.548134
0.482578
0.481826
0.447444
0.491128
0.545066
0.48997
0.470668
0.488248
0.462702
0.42601
0.506692
0.497244
0.445166
0.511382
0.480208
0.51988
0.47629
0.462056
0.460457
0.466136
0.431404
0.431122
0.49493
0.472726
0.513078
0.479314
0.499429
0.513384
0.494528
0.488696
0.496862
0.477784
0.462494
0.485116
0.41547
0.505596
0.489916
0.493014
0.47373
0.472092
0.473276
0.456134
0.482682
0.465826
0.487932
0.486156
0.492838
0.498338
0.444136
0.460582
0.449014
0.490769
0.473702
0.481586
0.479282
0.460062
0.48866
0.47545
0.46977
0.465564
0.452506
0.439518
0.45293
0.413264
0.434634
0.486268
0.48945
0.470986
0.47541
0.457528
0.448634
0.439456
0.47477
0.424226
0.469256
0.45964
0.45874
0.41019
0.44408
0.46556
0.489672
0.448982
0.476292
0.426888
0.425132
0.4776
0.432612
0.444348
0.478364
0.406286
0.421572
0.37835
0.371532
0.418322
0.382952
0.41235
0.413902
0.413078
0.431398
0.492002
0.45927
0.487852
0.48352
0.418564
0.39916
0.408118
0.402874
0.405922
0.404498
0.413972
0.422354
0.407462
0.39498
0.37483
0.39952
0.395644
0.402268
0.43033
0.38531
0.39288
0.412868
0.408236
0.4055
0.409854
0.37138
0.383794
0.372428
0.40677
0.412038
0.396924
0.373348
0.369204
0.353898
0.376874
0.377058
0.36809
0.353606
0.34452
0.350442
0.349042
0.35704
0.356602
0.371754
0.374118
0.380544
0.38962
0.386934
0.382962
0.388162
0.384688
0.360246
0.356936
0.35562
0.351238
0.351244
0.368812
0.364996
0.371042
0.360976
0.367092
0.3813
0.374532
0.403986
0.39512
0.377086
0.378054
0.38553
0.403886
0.380746
0.373596
0.382976
0.390626
0.400918
0.38393
0.389922
0.395062
0.421954
0.394206
0.393188
0.384482
0.432008
0.404186
0.425266
0.392104
0.369774
0.374176
0.37358
0.359162
0.343234
0.362608
0.367232
0.370984
0.382492
0.386064
0.377294
0.38862
0.35492
0.346786
0.346954
0.348482
0.351264
0.351878
0.351522
0.339756
0.345954
0.348976
0.358952
0.371584
0.382378
0.397124
0.403492
0.450004
0.472348
0.468462
0.424062
0.400728
0.434618
0.432062
0.44092
0.41372
0.38559
0.430788
0.387774
0.411886
0.419804
0.415404
0.442454
0.409942
0.40558
0.377856
0.37629
0.412132
0.42551
0.409228
0.399315
0
0
0
0
0
0
0
0
0
0
0
0
0
0
0
0
0
0
0
0
0
0
0
0
0
0
0
0
0
0
0
0
0
0
0
0
0
0
0
0
0
0
0.395289
0.415879
0.40981
0.415823
0.412894
0.418952
0.431724
0.42712
0.401908
0.421958
0.423058
0.423577
0.399369
0.425275
0.429118
0.43455
0.441572
0.465394
0.447808
0.414474
0.413724
0.428868
0.48164
0.456038
0.484226
0.482052
0.45704
0.50444
0.50409
0.438534
0.407636
0.405828
0.37234
0.39017
0.431206
0.45151
0.431036
0.476228
0.41542
0.421268
0.400568
0.378558
0.373628
0.376074
0.412596
0.424948
0.418912
0.410618
0.393328
0.417984
0.41819
0.415914
0.394702
0.37873
0.381998
0.376114
0.380914
0.39737
0.397602
0.37829
0.384704
0.394714
0.396626
0.378432
0.387696
0.43247
0.425204
0.38023
0.404586
0.405778
0.408232
0.389028
0.408252
0.411432
0.40462
0.414052
0.408966
0.449616
0.417148
0.425332
0.413266
0.41695
0.40583
0.39995
0.39792
0.384254
0.369932
0.365186
0.368948
0.356668
0.357592
0.342356
0.342784
0.34014
0.339518
0.333104
0.339778
0.341532
0.34462
0.350418
0.374552
0.370054
0.359758
0.348608
0.339908
0.339234
0.34491
0.344908
0.353616
0.358688
0.367086
0.364438
0.353552
0.358882
0.386006
0.4132
0.430506
0.502978
0.472562
0.460704
0.45021
0.4813
0.446852
0.485052
0.470264
0.480662
0.459018
0.430953
0.457674
0.416332
0.395848
0.45706
0.40657
0.402532
0.43858
0.396582
0.426132
0.399946
0.43665
0.41619
0.437588
0.405608
0.420126
0.408988
0.404142
0.372252
0.37228
0.359208
0.366894
0.387144
0.367968
0.377326
0.393736
0.365912
0.389186
0.39236
0.40851
0.391866
0.387608
0.403638
0.409906
0.423588
0.455676
0.4231
0.43176
0.381526
0.420808
0.462596
0.472064
0.40611
0.44009
0.511942
0.489584
0.446606
0.43401
0.45081
0.440352
0.437736
0.410014
0.419308
0.413384
0.412666
0.40057
0.418618
0.439588
0.435651
0.420444
0.434116
0.425774
0.412984
0.373528
0.390982
0.361272
0.365178
0.383112
0.402072
0.401422
0.391246
0.390036
0.41999
0.39863
0.405406
0.379204
0.428078
0.41937
0.435688
0.44148
0.404148
0.42854
0.425164
0.40044
0.379876
0.38546
0.436143
0.431457
0.4497
0.442504
0.492648
0.415104
0.47186
0.476898
0.455953
0.393198
0.380276
0.383837
0.414494
0.400108
0.400622
0.422898
0.399838
0.424662
0.4528
0.4378
0.456808
0.48373
0.477386
0.439554
0.464628
0.414358
0.405892
0.365206
0.353688
0.35774
0.389492
0.403916
0.425492
0.450816
0.416166
0.38124
0.382906
0.403438
0.385044
0.392384
0.419064
0.4418
0.455664
0.406446
0.388584
0.366284
0.372662
0.411332
0.478858
0.41783
0.39222
0.48033
0.441216
0.437178
0.48289
0.482412
0.45241
0.390418
0.469174
0.434836
0.430496
0.432942
0.423982
0.450826
0.404462
0.40051
0.39283
0.408052
0.402814
0.388794
0.370324
0.351732
0.356126
0.37617
0.402732
0.396428
0.399542
0.41371
0.430168
0.402248
0.39411
0.3884
0.361838
0.349112
0.37864
0.43216
0.427486
0.49376
0.396014
0.411378
0.382778
0.45243
0.407198
0.441304
0.424554
0.47172
0.453046
0.402704
0.402946
0.397498
0.36782
0.358334
0.362738
0.356638
0.3479
0.351804
0.367008
0.363174
0.38783
0.399142
0.413452
0.405504
0.391534
0.39297
0.367384
0.35788
0.354168
0.353014
0.371448
0.382686
0.371796
0.405446
0.438902
0.406588
0.414058
0.422146
0.416886
0.369786
0.380168
0.389492
0.422348
0.440946
0.43505
0.404116
0.389654
0.375954
0.387186
0.398454
0.394828
0.414026
0.419638
0.43865
0.436692
0.452676
0.450502
0.449196
0.365758
0.473142
0.410628
0.450136
0.458614
0.419582
0.395444
0.366388
0.365168
0.351194
0.3483
0.35009
0.348604
0.387532
0.374662
0.393796
0.38549
0.360474
0.356956
0.35472
0.346882
0.359132
0.350522
0.378012
0.39034
0.444242
0.485836
0.451876
0.40917
0.415084
0.465507
0.40201
0.428656
0.40012
0.410547
0.40976
0.454566
0
0.431164
0.398109
0
0
0
0
0
0.388939
0.462138
0.436466
0.45173
0.475388
0.437948
0.426086
0.414404
0.440854
0.404012
0.417054
0.42079
0.442584
0.444586
0.427932
0.418976
0.395652
0.373884
0.360414
0.36186
0.412952
0.422424
0.436124
0.434794
0.414752
0.388058
0.383672
0.390642
0.400156
0.471418
0.469128
0.42923
0.432006
0.430402
0.449006
0.420372
0.425558
0.441016
0.430914
0.40388
0.380786
0.371724
0.35641
0.364522
0.361138
0.367668
0.388472
0.412796
0.413212
0.458708
0.444874
0.392378
0.50335
0.50479
0.428958
0.441238
0.382656
0.358752
0.358892
0.374142
0.390744
0.372248
0.368438
0.372074
0.40234
0.475492
0.456964
0.43712
0.490294
0.415928
0.418578
0.454624
0.45116
0.460138
0.431264
0.38872
0.426784
0.388308
0.398882
0.423376
0.4312
0.40065
0.385936
0.418578
0.41099
0.380636
0.373278
0.37807
0.377316
0.367052
0.36082
0.35822
0.34399
0.34894
0.354544
0.344196
0.362042
0.367212
0.364106
0.375858
0.380514
0.364758
0.35333
0.353302
0.353408
0.36982
0.387508
0.362054
0.386704
0.41002
0.393692
0.374956
0.382418
0.384444
0.394862
0.402722
0.404168
0.377432
0.373374
0.358068
0.35524
0.3482
0.341832
0.353036
0.38217
0.363272
0.375916
0.39836
0.378696
0.428016
0.383908
0.388754
0.39429
0.384302
0.369274
0.365532
0.359312
0.352862
0.359706
0.362674
0.364744
0.364534
0.360052
0.368148
0.35305
0.360054
0.365342
0.390988
0.396968
0.39326
0.390698
0.389038
0.403648
0.409976
0.40435
0.403942
0.423148
0.40522
0.40726
0.405742
0.4012
0.395266
0.38894
0.405918
0.39969
0.39336
0.392246
0.390298
0.394412
0.375124
0.372718
0.370544
0.360974
0.360508
0.362166
0.374772
0.367162
0.377376
0.373232
0.357284
0.338126
0.341538
0.344284
0.34739
0.367198
0.370736
0.350354
0.360102
0.355972
0.349262
0.36796
0.373348
0.395196
0.38694
0.399458
0.377464
0.35259
0.340012
0.341432
0.33938
0.339112
0.346418
0.37876
0.375008
0.391036
0.382518
0.416606
0.380018
0.368828
0.358124
0.393112
0.39192
0.399256
0.416772
0.402602
0.424822
0.424202
0.391692
0.402802
0.406288
0.39911
0.365816
0.386264
0.435302
0.402968
0.397398
0.406112
0.425486
0.391154
0.366204
0.363678
0.371026
0.371302
0.357914
0.360034
0.347474
0.343782
0.366332
0.361608
0.359404
0.363696
0.376594
0.394842
0.408958
0.43727
0.446616
0.409918
0.484644
0.462766
0.478338
0.518064
0.426712
0.389506
0.383898
0.388172
0.387812
0.400104
0.411062
0.386008
0.421946
0.403786
0.395346
0.37298
0.36584
0.37916
0.404676
0.401394
0.405836
0.37442
0.38062
0.402802
0.410808
0.412234
0.45061
0.472306
0.451742
0.48954
0.456466
0.45484
0.426938
0.440004
0.45449
0.452902
0.468048
0.45433
0.456064
0.456308
0.46052
0.4988
0.470483
0.507726
0.489964
0.506332
0.556522
0.486824
0.52891
0.450775
0.373241
0.365434
0.364232
0.367918
0.370552
0.38332
0.395914
0.392564
0.394482
0.422028
0.428794
0.386574
0.375358
0.371422
0.371572
0.390534
0.399646
0.436996
0.441038
0.480196
0.477304
0.476906
0.448994
0.44706
0.40715
0.478044
0.51965
0.499666
0.460522
0.480026
0.434304
0.403824
0.428064
0.40112
0.384086
0.38197
0.376704
0.370216
0.363358
0.384694
0.390186
0.366662
0.365466
0.365512
0.360718
0.374046
0.384682
0.41433
0.393712
0.376958
0.385692
0.38915
0.380556
0.381288
0.38075
0.40749
0.369732
0.377968
0.367014
0.360962
0.373194
0.387772
0.396596
0.406796
0.432808
0.432228
0.4171
0.385786
0.3981
0.369822
0.358848
0.363036
0.375734
0.412454
0.40601
0.439744
0.455166
0.438456
0.440736
0.392092
0.411236
0.418468
0.412256
0.389126
0.440724
0.453982
0.43091
0.41726
0.418344
0.432858
0.446178
0.442322
0.429292
0.475442
0.459496
0.449312
0.458184
0.495128
0.49254
0.502228
0.526914
0.455028
0.414874
0.45793
0.532872
0.46429
0.457174
0.439628
0.425312
0.425646
0.408392
0.422666
0.3948
0.41368
0.417614
0.417548
0.452914
0.424038
0.39411
0.406522
0.384046
0.385896
0.393786
0.40971
0.404938
0.397432
0.387942
0.398074
0.415908
0.398782
0.39687
0.403598
0.42017
0.4109
0.387824
0.387042
0.380414
0.391504
0.406638
0.395466
0.374626
0.379226
0.409164
0.420794
0.448072
0.43659
0.420058
0.398014
0.373424
0.367038
0.403688
0.415372
0.3549
0.35713
0.361626
0.359104
0.36343
0.360828
0.351916
0.34885
0.347598
0.34725
0.359578
0.3607
0.357108
0.350426
0.337372
0.341032
0.340478
0.353844
0.33936
0.341502
0.349794
0.354218
0.361984
0.36085
0.366768
0.351828
0.347582
0.358246
0.367082
0.373663
0
0
0
0
0
0.378294
0.362452
0.344982
0.345708
0.342876
0.356368
0.352906
0.355676
0.372136
0.37952
0.376322
0.376334
0.39247
0.39079
0.376626
0.398708
0.38568
0.366252
0.351582
0.346102
0.344238
0.352498
0.354822
0.359822
0.36688
0.363238
0.377972
0.376552
0.397232
0.37941
0.38337
0.393176
0.354994
0.36307
0.3685
0.385312
0.389028
0.388104
0.403864
0.393658
0.40122
0.374486
0.355952
0.38269
0.378058
0.371318
0.369056
0.370662
0.361396
0.377138
0.395792
0.417008
0.395756
0.40862
0.366004
0.393108
0.394316
0.403574
0.440186
0.47026
0.420274
0.43018
0.440476
0.419
0.455
0.47669
0.495516
0.489396
0.441956
0.497384
0.478332
0.481114
0.440532
0.385146
0.38432
0.394734
0.388984
0.381794
0.395152
0.42677
0.439656
0.439984
0.44552
0.407834
0.409004
0.394588
0.411506
0.3903
0.406608
0.425346
0.436422
0.427022
0.419022
0.42044
0.42281
0.41382
0.412098
0.376966
0.408802
0.391126
0.377048
0.354178
0.349338
0.34865
0.358692
0.365348
0.34964
0.368892
0.35599
0.361326
0.387646
0.40578
0.387546
0.394566
0.406576
0.374716
0.365452
0.364792
0.392404
0.368736
0.379186
0.364774
0.377924
0.394388
0.403492
0.399348
0.389634
0.38666
0.37494
0.37647
0.392588
0.387766
0.416372
0.382564
0.382782
0.37369
0.356526
0.35366
0.341268
0.343332
0.35294
0.346214
0.341254
0.351446
0.344574
0.346418
0.36369
0.362258
0.371748
0.360214
0.360108
0.38541
0.402892
0.417388
0.393424
0.39481
0.39784
0.403672
0.37103
0.35647
0.3541
0.357808
0.352202
0.350072
0.35678
0.366868
0.39922
0.410046
0.366604
0.37795
0.385136
0.40987
0.378746
0.371216
0.380092
0.375962
0.393616
0.384874
0.406346
0.428274
0.46806
0.497062
0.401004
0.420662
0.43619
0.429834
0.436122
0.40996
0.42002
0.384188
0.395728
0.372198
0.381662
0.37007
0.3667
0.372054
0.365418
0.37749
0.399388
0.395632
0.459596
0.460931
0.475158
0.440412
0.493868
0.445074
0.414364
0.465616
0.423998
0.447179
0.409231
0.55096
0.537786
0.553216
0.499262
0.483332
0.498618
0.534538
0.45934
0.455948
0.429422
0.468064
0.508548
0.488666
0.526366
0.506198
0.534868
0.521784
0.452682
0.456916
0.45036
0.403506
0.400632
0.379004
0.368064
0.37783
0.390144
0.406262
0.385916
0.391776
0.393946
0.410876
0.409076
0.402724
0.408952
0.406828
0.383164
0.370052
0.361184
0.366992
0.362148
0.380634
0.377134
0.374996
0.382092
0.388776
0.365682
0.381128
0.411464
0.422114
0.416972
0.447684
0.423152
0.382104
0.395504
0.354162
0.356794
0.35362
0.343182
0.34379
0.347886
0.360548
0.355704
0.346174
0.349374
0.344287
0.348578
0.348584
0.343748
0.341624
0.34873
0.350618
0.362772
0.366358
0.383158
0.420318
0.422434
0.41919
0.396656
0.421156
0.4289
0.433384
0.411864
0.40348
0.407364
0.376868
0.361446
0.355634
0.3581
0.363582
0.351516
0.354034
0.351798
0.36371
0.36758
0.379802
0.398928
0.386484
0.427831
0.426229
0
0
0
0
0
0.401965
0.400978
0.413948
0.394018
0.407502
0.42156
0.402216
0.393044
0.390458
0.40531
0.43537
0.399526
0.364886
0.359576
0.340531
0.350634
0.344922
0.34955
0.353976
0.350962
0.355668
0.36147
0.345444
0.347676
0.336274
0.345204
0.350166
0.339922
0.349136
0.347244
0.357738
0.378452
0.368056
0.374492
0.356506
0.353056
0.3537
0.364108
0.403546
0.376288
0.368056
0.362698
0.382606
0.371508
0.37621
0.366912
0.386872
0.39114
0.40664
0.402978
0.412612
0.422748
0.38506
0.399364
0.376366
0.364662
0.355692
0.374198
0.356876
0.384728
0.391438
0.406788
0.41352
0.415546
0.380902
0.384984
0.376074
0.373314
0.367562
0.373858
0.392078
0.39599
0.390662
0.40773
0.383832
0.381478
0.360548
0.356324
0.347764
0.352362
0.357014
0.35101
0.340332
0.34879
0.36711
0.37894
0.37246
0.373314
0.362806
0.352878
0.35242
0.359062
0.357682
0.381872
0.399198
0.382654
0.387552
0.369782
0.366114
0.36539
0.35964
0.382404
0.384686
0.37133
0.355404
0.350646
0.366166
0.371476
0.370218
0.364182
0.359142
0.366492
0.396238
0.400188
0.388412
0.382726
0.397238
0.396934
0.372792
0.35511
0.360106
0.393848
0.391778
0.36752
0.365894
0.361364
0.354078
0.341144
0.34281
0.344858
0.341132
0.343856
0.36094
0.376248
0.394592
0.381666
0.368524
0.36074
0.375348
0.377928
0.38307
0.366476
0.389222
0.387084
0.371552
0.359084
0.358206
0.352494
0.353518
0.3482
0.359108
0.373084
0.386266
0.397848
0.396594
0.37118
0.35717
0.347566
0.344514
0.343936
0.367078
0.34649
0.345346
0.344668
0.34908
0.342642
0.345338
0.344
0.338206
0.344186
0.355386
0.351794
0.355902
0.371808
0.411048
0.409386
0.419478
0.396912
0.397804
0.379764
0.36793
0.364122
0.370238
0.384228
0.381726
0.370662
0.374586
0.38907
0.404098
0.385978
0.376074
0.382566
0.408376
0.38244
0.3766
0.362156
0.367448
0.375036
0.375842
0.40418
0.423016
0.393214
0.414358
0.423092
0.4052
0.381452
0.381936
0.36984
0.369378
0.35703
0.363714
0.352768
0.356446
0.376414
0.39984
0.389114
0.371052
0.356326
0.341172
0.347622
0.338352
0.3462
0.364108
0.376964
0.357212
0.35897
0.402702
0.393708
0.363498
0.354204
0.34826
0.353338
0.359816
0.37306
0.405572
0.390356
0.401004
0.379738
0.35156
0.345718
0.357322
0.356974
0.381278
0.399028
0.371572
0.367004
0.359594
0.361288
0.358858
0.368412
0.366316
0.381382
0.357814
0.351358
0.351164
0.356156
0.357498
0.358386
0.367968
0.378088
0.387886
0.390144
0.420416
0.425142
0.42539
0.436752
0.440278
0.410434
0.408034
0.423348
0.408868
0.388124
0.395408
0.415972
0.380728
0.397118
0.42963
0.422431
0.508169
0.52748
0.566016
0.506938
0.45814
0.444848
0.446952
0.434032
0.403358
0.396426
0.42016
0.41883
0.4395
0.442154
0.402942
0.40854
0.390132
0.380194
0.400366
0.408358
0.432692
0.449544
0.403694
0.376876
0.358774
0.353442
0.36775
0.394184
0.4315
0.432474
0.388422
0.396446
0.398724
0.440662
0.424478
0.389071
0.36056
0.35223
0.351356
0.348082
0.349936
0.35307
0.362562
0.350444
0.355794
0.352256
0.355654
0.35323
0.353702
0.348234
0.349598
0.348672
0.356388
0.342238
0.344446
0.34525
0.34868
0.349174
0.346644
0.346442
0.353246
0.359356
0.388942
0.444958
0.43266
0.411366
0.383562
0.408588
0.381358
0.416358
0.397608
0.387272
0.390572
0.386792
0.399292
0.402246
0.415748
0.400386
0.379032
0.370386
0.372776
0.39416
0.374964
0.376132
0.375294
0.391884
0.421844
0.383756
0.36304
0.365088
0.354786
0.35933
0.366634
0
0
0
0
0
0.380461
0.373856
0.36565
0.356076
0.34786
0.35687
0.37964
0.38001
0.38897
0.409822
0.404996
0.395408
0.411244
0.41846
0.40594
0.39824
0.37751
0.380328
0.386256
0.36948
0.371018
0.384328
0.37884
0.409192
0.406392
0.396184
0.383998
0.35827
0.372156
0.377898
0.374732
0.364448
0.387554
0.404252
0.392348
0.38393
0.392746
0.399766
0.411622
0.420376
0.376718
0.383096
0.39067
0.390812
0.411768
0.408216
0.394294
0.419434
0.400858
0.416634
0.392624
0.38587
0.393796
0.413652
0.425456
0.399226
0.390174
0.402804
0.412488
0.39448
0.423192
0.40923
0.399324
0.380232
0.39009
0.391374
0.375042
0.365214
0.362144
0.354816
0.341814
0.342104
0.343768
0.356382
0.367408
0.362108
0.366458
0.373056
0.36347
0.35781
0.362618
0.37038
0.37291
0.38148
0.34687
0.349938
0.358072
0.38612
0.364032
0.36672
0.368566
0.37777
0.393566
0.38926
0.38933
0.373668
0.365306
0.367646
0.37919
0.364622
0.347796
0.36066
0.352788
0.347474
0.356268
0.363242
0.36609
0.367276
0.366354
0.34445
0.349934
0.3355
0.34521
0.344048
0.353522
0.379388
0.37488
0.376692
0.361718
0.392018
0.379058
0.363048
0.373016
0.37698
0.38172
0.403
0.40552
0.396032
0.385604
0.372472
0.389974
0.388316
0.38174
0.394986
0.38525
0.356212
0.355162
0.371122
0.385106
0.387122
0.364212
0.358944
0.353376
0.348734
0.364944
0.388046
0.39687
0.374406
0.37143
0.395704
0.395428
0.368212
0.36721
0.401228
0.41939
0.384718
0.381368
0.37398
0.371152
0.355722
0.363764
0.36279
0.380928
0.38937
0.415694
0.447972
0.438606
0.456236
0.47824
0.449718
0.451794
0.458952
0.432788
0.406592
0.406538
0.430224
0.40884
0.459172
0.438694
0.458787
0.486142
0.43125
0.407212
0.426106
0.478988
0.447606
0.427588
0.397376
0.389622
0.37755
0.364212
0.375986
0.402936
0.403662
0.393094
0.394864
0.3773
0.373328
0.408128
0.453422
0.458716
0.513864
0.43101
0.4481
0.419888
0.39081
0.376782
0.39129
0.412028
0.446732
0.440856
0.39661
0.388422
0.380688
0.40325
0.434044
0.422488
0.40526
0.398872
0.40876
0.422028
0.44479
0.399614
0.368536
0.351212
0.365116
0.363316
0.383114
0.372852
0.35791
0.354456
0.360678
0.362874
0.37236
0.384292
0.379848
0.403846
0.447442
0.450362
0.418066
0.426014
0.457486
0.414244
0.435072
0.439764
0.468114
0.486936
0.45244
0.442136
0.444018
0.433998
0.422264
0.468372
0.460382
0.502986
0.50245
0.453768
0.506746
0.449578
0.509034
0.479698
0.480492
0.450884
0.462278
0.443093
0.41881
0.446834
0.435032
0.4051
0.436736
0.470194
0.44542
0.419252
0.425514
0.421484
0.435218
0.408984
0.447466
0.443678
0.429924
0.397254
0.37224
0.370376
0.37685
0.416896
0.423978
0.421424
0.404056
0.397254
0.397708
0.42991
0.412836
0.432752
0.43753
0.443454
0.420102
0.432848
0.40648
0.416776
0.415588
0.415568
0.377746
0.380572
0.391772
0.423182
0.380018
0.406816
0.424082
0.38369
0.370372
0.369506
0.371532
0.399642
0.415296
0.400938
0.390374
0.42697
0.397836
0.4089
0.41362
0.403146
0.420144
0.381428
0.453446
0.433504
0.48375
0.457418
0.514638
0.452666
0.412938
0.478942
0.521564
0.49317
0.442112
0.48708
0.434936
0.442506
0.482852
0.456038
0.45208
0.41339
0.393688
0.461164
0.419676
0.450918
0.45796
0.45579
0.4867
0.461958
0.449246
0.493512
0.489126
0.479656
0.414466
0.370264
0.424584
0.394458
0.391566
0.400772
0.374414
0.358328
0.353836
0.361294
0.36375
0.3582
0.375226
0.37586
0.386364
0.421786
0.418588
0.41266
0.388694
0.357398
0.361962
0.352948
0.35222
0.372892
0.388554
0.379814
0.375308
0.38144
0.373214
0
0
0
0
0
0.367015
0.361544
0.34919
0.34953
0.371454
0.386356
0.36529
0.353868
0.33814
0.344886
0.349178
0.34478
0.339662
0.339208
0.354606
0.34918
0.35345
0.364852
0.367832
0.384148
0.386838
0.3707
0.359032
0.36598
0.387596
0.428014
0.379998
0.359804
0.372156
0.382992
0.37722
0.36669
0.357236
0.367386
0.36174
0.368344
0.366932
0.382826
0.374088
0.369172
0.348424
0.36358
0.377616
0.381206
0.375842
0.376612
0.385116
0.378612
0.384836
0.399018
0.387252
0.385758
0.385416
0.399562
0.392892
0.389366
0.407132
0.42178
0.412998
0.393108
0.37717
0.358068
0.350724
0.347766
0.355076
0.345226
0.344082
0.344294
0.351863
0.35308
0.361166
0.380212
0.364348
0.349632
0.361514
0.381286
0.398404
0.385476
0.376146
0.351932
0.361018
0.337358
0.342978
0.343052
0.34519
0.350594
0.372258
0.378744
0.402342
0.401474
0.39813
0.434566
0.405838
0.429858
0.409534
0.408042
0.411264
0.40699
0.40884
0.417864
0.402758
0.408684
0.381002
0.355108
0.37831
0.390786
0.368062
0.354554
0.358227
0.373374
0.378762
0.369076
0.386798
0.382342
0.38574
0.400834
0.374692
0.35418
0.348494
0.357822
0.377186
0.364636
0.3661
0.37325
0.352666
0.361
0.359256
0.37727
0.39362
0.386764
0.359254
0.364968
0.37173
0.353176
0.361204
0.360336
0.368108
0.382472
0.385302
0.389142
0.391012
0.380164
0.374392
0.382792
0.375534
0.394552
0.40556
0.39871
0.379216
0.379378
0.39706
0.403684
0.394942
0.406914
0.412412
0.407728
0.405202
0.370528
0.354966
0.35113
0.347788
0.36126
0.376576
0.389662
0.398266
0.40075
0.390378
0.381522
0.375726
0.367718
0.37175
0.37328
0.376672
0.390736
0.423784
0.411848
0.41387
0.45432
0.428428
0.434954
0.421484
0.395952
0.382834
0.376456
0.357738
0.377266
0.41304
0.421584
0.391314
0.383244
0.40662
0.408696
0.453082
0.454968
0.435686
0.44563
0.430126
0.437214
0.425838
0.402398
0.432624
0.40763
0.395614
0.378962
0.410314
0.426688
0.39205
0.374964
0.386704
0.429068
0.452262
0.446846
0.473214
0.461902
0.483036
0.445858
0.43414
0.479384
0.451216
0.468774
0.542973
0.550736
0.56869
0.560476
0.53314
0.53019
0.438038
0.408548
0.473364
0.494446
0.50543
0.491876
0.464102
0.49441
0.39634
0.376054
0.391926
0.361132
0.34901
0.348638
0.352658
0.37496
0.362992
0.351666
0.358612
0.378102
0.354596
0.35968
0.35699
0.348628
0.354652
0.356158
0.364458
0.386544
0.368216
0.371988
0.369428
0.35801
0.36556
0.360668
0.368558
0.382134
0.388794
0.390324
0.408406
0.412058
0.40784
0.404612
0.401906
0.397932
0.411036
0.410304
0.427176
0.393312
0.445234
0.39446
0.40578
0.408526
0.41745
0.412532
0.409846
0.466124
0.430404
0.390642
0.412272
0.409634
0.385744
0.405862
0.397752
0.3913
0.392814
0.402624
0.43273
0.41712
0.414288
0.38722
0.388076
0.391688
0.392838
0.416776
0.391296
0.38571
0.39402
0.402244
0.405636
0.394506
0.412224
0.427594
0.510176
0.464542
0.459118
0.444174
0.394788
0.388348
0.433182
0.464898
0.403886
0.379954
0.363598
0.38262
0.396007
0.441332
0.437468
0.403966
0.38098
0.363866
0.367446
0.35977
0.366374
0.392854
0.436984
0.441878
0.452136
0.434748
0.46126
0.394872
0.368552
0
0
0
0
0
0.369646
0.364098
0.376942
0.409316
0.46021
0.40128
0.423912
0.407134
0.422862
0.447622
0.46243
0.437156
0.442508
0.429978
0.43269
0.440334
0.40496
0.401394
0.44371
0.441082
0.44061
0.433512
0.4433
0.484272
0.513904
0.512824
0.479764
0.485636
0.481542
0.496278
0.428524
0.414414
0.399594
0.393978
0.364032
0.35799
0.349722
0.365294
0.360918
0.36963
0.35191
0.348742
0.365074
0.345534
0.350788
0.344828
0.34368
0.347008
0.344904
0.34624
0.364278
0.38279
0.366864
0.376756
0.363176
0.347912
0.357222
0.373236
0.382998
0.383928
0.38782
0.376548
0.391822
0.374426
0.360328
0.370796
0.369422
0.371634
0.38117
0.39149
0.38126
0.399176
0.387484
0.470864
0.475878
0.465642
0.444316
0.487888
0.528194
0.508607
0.49991
0.491826
0.478196
0.394526
0.381102
0.3814
0.398392
0.40755
0.446108
0.42257
0.40185
0.39134
0.384466
0.401912
0.386
0.358452
0.35073
0.357188
0.37048
0.355326
0.3854
0.385752
0.387166
0.367124
0.359682
0.358914
0.354438
0.360292
0.350644
0.360618
0.390808
0.395628
0.369478
0.374342
0.347276
0.343592
0.344072
0.350708
0.359158
0.368346
0.370588
0.37141
0.36548
0.36601
0.372934
0.369646
0.361992
0.359542
0.346774
0.350416
0.363392
0.385802
0.406308
0.460458
0.466198
0.444166
0.443992
0.436146
0.410988
0.4197
0.429112
0.456958
0.455472
0.397816
0.376288
0.397776
0.42232
0.40803
0.413238
0.394412
0.36686
0.366836
0.388546
0.414452
0.426412
0.422062
0.453419
0.44169
0.454222
0.413014
0.420886
0.392852
0.427258
0.420934
0.426482
0.389938
0.391856
0.373294
0.358988
0.35938
0.35773
0.360712
0.372672
0.401442
0.42732
0.461754
0.460092
0.447574
0.438038
0.523254
0.476536
0.42754
0.439928
0.434732
0.408886
0.432798
0.422055
0.456546
0.490112
0.48207
0.433762
0.436968
0.501114
0.514916
0.491324
0.467498
0.421729
0.52995
0.458292
0.496291
0.481712
0.464938
0.448578
0.41451
0.437568
0.379672
0.373262
0.375688
0.381038
0.394194
0.406738
0.402846
0.393016
0.386856
0.393688
0.43055
0.461478
0.423438
0.390802
0.390976
0.394192
0.386652
0.409286
0.407692
0.413186
0.383568
0.379012
0.38978
0.401432
0.393724
0.42804
0.40883
0.426722
0.415234
0.424802
0.428966
0.427718
0.408546
0.383612
0.36693
0.3863
0.399736
0.36819
0.389058
0.424944
0.425144
0.399362
0.397668
0.367112
0.367616
0.359566
0.362672
0.366802
0.362964
0.36344
0.36353
0.363246
0.385448
0.401008
0.391692
0.364568
0.353052
0.36257
0.357026
0.358294
0.359784
0.363758
0.370416
0.365346
0.355512
0.37768
0.395476
0.383062
0.39473
0.402212
0.445758
0.488438
0.468636
0.415538
0.429668
0.387528
0.388986
0.377208
0.386584
0.398324
0.410388
0.40354
0.391356
0.39379
0.413382
0.415098
0.46854
0.42166
0.45592
0.492014
0.465564
0.404482
0.40165
0.399118
0.399934
0.397122
0.412527
0.441718
0.459474
0.420974
0.428518
0.420032
0.398072
0.39401
0.388262
0.400252
0.38411
0.384654
0.41243
0.379758
0
0
0
0
0
0.37747
0.378434
0.388754
0.404034
0.388596
0.385182
0.419124
0.393674
0.380174
0.3773
0.382674
0.384804
0.428294
0.479226
0.421488
0.412198
0.408934
0.438676
0.449706
0.44552
0.401424
0.408944
0.38191
0.401048
0.414718
0.386828
0.390902
0.389448
0.379036
0.394162
0.388567
0.400724
0.37131
0.368454
0.365324
0.371926
0.37093
0.373608
0.358592
0.365948
0.358442
0.361884
0.364102
0.357618
0.35865
0.37321
0.36535
0.37238
0.359218
0.355696
0.362508
0.361498
0.356216
0.354962
0.355888
0.359458
0.355602
0.363754
0.3621
0.362754
0.357558
0.363038
0.364142
0.36272
0.358486
0.35768
0.359402
0.36457
0.37905
0.360526
0.383252
0.372044
0.370126
0.358618
0.357378
0.371168
0.402786
0.417534
0.411606
0.391476
0.407848
0.405274
0.403686
0.416748
0.39693
0.381258
0.365272
0.375922
0.376082
0.383044
0.439728
0.411296
0.370484
0.370568
0.394706
0.410476
0.395968
0.391562
0.383762
0.395318
0.38795
0.387902
0.365382
0.373478
0.356187
0.36878
0.417148
0.385012
0.363164
0.368866
0.380754
0.385348
0.408126
0.427114
0.454802
0.42801
0.402832
0.399318
0.363164
0.365884
0.367482
0.384584
0.405658
0.397868
0.37331
0.366074
0.365522
0.360786
0.357592
0.35879
0.353486
0.351908
0.378054
0.39148
0.42979
0.45159
0.399846
0.394864
0.393228
0.388144
0.393016
0.412112
0.411004
0.398644
0.413046
0.421368
0.416126
0.41249
0.411074
0.400494
0.404098
0.383926
0.379792
0.391436
0.384538
0.397076
0.398568
0.391384
0.382738
0.382948
0.36787
0.36899
0.378884
0.362856
0.362211
0.371888
0.38091
0.385134
0.368548
0.36885
0.375922
0.38849
0.386136
0.398458
0.442924
0.426311
0.433546
0.428826
0.421624
0.399026
0.40698
0.473009
0.530532
0.52627
0.513464
0.396104
0.384044
0.432925
0.437035
0.483714
0.482226
0.481872
0.434764
0.392804
0.391902
0.385062
0.37941
0.377314
0.37872
0.385726
0.425048
0.447462
0.453285
0.455716
0.432144
0.42886
0.420632
0.414684
0.452452
0.467812
0.451124
0.452818
0.440091
0.42219
0.37867
0.36025
0.34891
0.356686
0.37541
0.369504
0.352108
0.373726
0.40086
0.393146
0.392882
0.402386
0.417552
0.410852
0.445312
0.430332
0.436532
0.496036
0.47932
0.479816
0.457324
0.403256
0.3699
0.398328
0.414696
0.416458
0.42957
0.402984
0.457054
0.438594
0.431566
0.41192
0.429674
0.421644
0.425346
0.398426
0.386396
0.373886
0.38532
0.379204
0.4202
0.40231
0.373022
0.371626
0.380838
0.388536
0.38521
0.387518
0.44288
0.474338
0.443156
0.424232
0.360022
0.38075
0.397836
0.422398
0.447302
0.45684
0.44895
0.432252
0.405192
0.37539
0
0
0
0
0
0.396492
0.473124
0.40881
0.40649
0.427456
0.435278
0.415026
0.368056
0.365404
0.36081
0.351558
0.379068
0.389188
0.400332
0.395728
0.397654
0.409288
0.42106
0.382578
0.402294
0.418788
0.401712
0.386204
0.40215
0.38425
0.388798
0.382436
0.368192
0.361358
0.400668
0.41618
0.397386
0.376094
0.371548
0.380074
0.392432
0.358184
0.374114
0.37354
0.391588
0.402428
0.413046
0.402516
0.391324
0.391048
0.37016
0.36781
0.386964
0.421416
0.392344
0.381924
0.37847
0.382338
0.382846
0.393556
0.411304
0.400752
0.39257
0.367266
0.359908
0.349568
0.34806
0.365664
0.340866
0.346774
0.35262
0.35651
0.369744
0.399218
0.417632
0.408482
0.381936
0.37424
0.348896
0.340376
0.350908
0.35493
0.348622
0.363562
0.384338
0.4145
0.38349
0.374314
0.355104
0.361106
0.356732
0.351852
0.35797
0.377694
0.375448
0.377042
0.364098
0.377558
0.379902
0.358154
0.38553
0.406
0.40534
0.41511
0.418086
0.387606
0.414488
0.391476
0.40817
0.432984
0.42236
0.388706
0.361472
0.379194
0.401066
0.431778
0.4353
0.4071
0.40277
0.4514
0.402456
0.361332
0.377326
0.38342
0.360914
0.362926
0.369868
0.375092
0.365918
0.379242
0.373976
0.37114
0.367428
0.372378
0.346956
0.34329
0.341558
0.348998
0.34811
0.337384
0.338338
0.347488
0.344462
0.345588
0.363894
0.358528
0.380998
0.395066
0.381868
0.399068
0.401976
0.38499
0.383974
0.403374
0.386682
0.39096
0.374648
0.382106
0.371776
0.439986
0.425242
0.424768
0.414254
0.436502
0.418602
0.41937
0.388362
0.403454
0.395454
0.446956
0.417138
0.383048
0.382614
0.401594
0.432586
0.414138
0.384436
0.384596
0.430536
0.407476
0.469584
0.442956
0.41288
0.432052
0.423278
0.410332
0.383906
0.36913
0.371562
0.384584
0.416006
0.4548
0.423102
0.498252
0.454026
0.43322
0.536658
0.537527
0.550758
0.547708
0.539222
0.572526
0.571067
0.55751
0.508705
0.417684
0.431162
0.399918
0.394232
0.402202
0.401132
0.365054
0.389644
0.405638
0.41148
0.383778
0.390916
0.397886
0.425518
0.401518
0.387096
0.376758
0.371694
0.352622
0.349156
0.344748
0.358182
0.355288
0.342984
0.350088
0.359998
0.371538
0.380154
0.389326
0.38638
0.402168
0.372698
0.428576
0.396954
0.369782
0.39148
0.380326
0.400266
0.420646
0.392236
0.386582
0.372982
0.376602
0.387962
0.375196
0.358474
0.358262
0.385266
0.362992
0.351598
0.347206
0.36326
0.365134
0.384566
0.404248
0.386486
0.364804
0.354424
0.35364
0.348938
0.345746
0.345306
0.35389
0.36259
0.384532
0.41169
0.45966
0.416396
0.452646
0.466726
0.429964
0.465428
0.43185
0.463776
0.415676
0.44661
0.46374
0.416512
0.389884
0.399057
0.39648
0.394758
0.404203
0.400876
0.380768
0.378078
0.402118
0.39028
0.40153
0.43062
0.420145
0.370516
0.421005
0.383264
0.413901
0
0
0
0
0
0
0
0
0
0
0
0
0
0
0
0
0
0
0
0
0
0
0
0
0
0
0
0
0
0
0
0
0
0
0
0.402556
0.401053
0.39971
0.384508
0.403861
0.410279
0.377503
0.395685
0.393251
0.38374
0.389177
0.390923
0.404996
0.425378
0.402994
0.394068
0.40725
0.3712
0.388902
0.408506
0.395872
0.358756
0.348384
0.359542
0.38101
0.398444
0.387664
0.402588
0.414834
0.39269
0.406852
0.405208
0.392944
0.3827
0.391588
0.378554
0.361916
0.374702
0.419106
0.391678
0.38382
0.399368
0.40394
0.412014
0.4099
0.408602
0.395494
0.413608
0.411432
0.40638
0.444734
0.445982
0.426342
0.431458
0.48654
0.433894
0.396362
0.44131
0.4119
0.449572
0.418732
0.48951
0.463636
0.437442
0.433804
0.429692
0.441786
0.430826
0.434828
0.414202
0.430426
0.454534
0.458146
0.447342
0.408174
0.385654
0.40141
0.38117
0.388718
0.363222
0.350642
0.34647
0.354448
0.359526
0.372562
0.425092
0.386924
0.39341
0.386002
0.404994
0.443414
0.418282
0.404228
0.41478
0.432306
0.428678
0.382628
0.38195
0.402794
0.414724
0.400528
0.438494
0.467142
0.463896
0.475066
0.413132
0.384348
0.38616
0.417604
0.41655
0.40383
0.37723
0.373446
0.379592
0.402186
0.42531
0.427114
0.416828
0.476404
0.470724
0.410496
0.40076
0.456228
0.441502
0.468976
0.444306
0.43687
0.435016
0.483828
0.46155
0.48431
0.532478
0.507536
0.520704
0.53038
0.484058
0.517643
0.506662
0.492898
0.46252
0.485032
0.480108
0.539304
0.550732
0.563469
0.533098
0.531838
0.544638
0.590851
0.58979
0.58215
0.49746
0.515132
0.433068
0.474662
0.473344
0.446436
0.396922
0.409368
0.459862
0.427652
0.394634
0.38501
0.401136
0.465932
0.45682
0.415548
0.427266
0.422902
0.425558
0.37529
0.363894
0.360642
0.375402
0.403098
0.437964
0.438182
0.4452
0.453262
0.445112
0.439734
0.427792
0.42631
0.442338
0.392506
0.392928
0.407282
0.398764
0.401837
0.398882
0.40424
0.37228
0.358208
0.372998
0.384114
0.392792
0.42643
0.387934
0.40726
0.406734
0.404796
0.392812
0.415116
0.410726
0.375134
0.38504
0.414204
0.399866
0.396294
0.383728
0.414874
0.422734
0.429824
0.439772
0.429636
0.421584
0.38696
0.413544
0.387466
0.39885
0.408718
0.418862
0.391938
0.428398
0.435204
0.39709
0.382558
0.382187
0.397254
0.40752
0.398224
0.394819
0
0
0
0
0
0.375013
0.393607
0.436838
0.492022
0.435682
0.435408
0.433242
0.41369
0.408536
0.418708
0.428307
0.451121
0.449382
0.430742
0.41174
0.440882
0.451154
0.454036
0.39946
0.41365
0.402902
0.369342
0.367128
0.363958
0.366648
0.373927
0.356352
0.355714
0.343374
0.345548
0.342426
0.3453
0.350904
0.351096
0.35092
0.374952
0.382697
0.380118
0.390945
0.394708
0.376228
0.385604
0.365776
0.39391
0.395338
0.409414
0.389788
0.396962
0.361116
0.349984
0.351612
0.357346
0.35935
0.35948
0.372778
0.402488
0.427722
0.432264
0.480408
0.467514
0.492736
0.481282
0.520656
0.478474
0.432932
0.39491
0.419686
0.449284
0.371418
0.437084
0.437838
0.421962
0.38605
0.409314
0.455638
0.4718
0.465056
0.513314
0.47022
0.431606
0.45413
0.375162
0.357766
0.374878
0.375688
0.373082
0.365598
0.420784
0.409506
0.391798
0.393312
0.44496
0.472782
0.42828
0.399192
0.38527
0.368918
0.382442
0.400824
0.381908
0.373082
0.4051
0.396944
0.393976
0.422644
0.40889
0.428688
0.413078
0.395694
0.385628
0.436142
0.394686
0.433708
0.44947
0.478134
0.45715
0.432084
0.377372
0.425866
0.427654
0.462042
0.495224
0.440142
0.461388
0.482096
0.434602
0.491844
0.42979
0.42952
0.406622
0.382938
0.3715
0.383912
0.397564
0.370778
0.369798
0.37275
0.378512
0.39258
0.416398
0.43356
0.40976
0.397888
0.40946
0.40246
0.442444
0.440602
0.404672
0.442845
0.388062
0.34645
0.409648
0.414012
0.431944
0.4447
0.40118
0.412578
0.456772
0.484118
0.41352
0.4144
0.422474
0.445236
0.44303
0.454944
0.423968
0.456696
0.476233
0.502712
0.462424
0.424806
0.427412
0.42724
0.447703
0.430136
0.451698
0.446758
0.441976
0.437886
0.47396
0.458692
0.482626
0.474887
0.507589
0.549726
0.569688
0.52483
0.469518
0.515845
0.576436
0.582356
0.550582
0.55139
0.522462
0.496192
0.450204
0.41322
0.389262
0.375842
0.388484
0.43013
0.413082
0.386742
0.414376
0.456448
0.434488
0.436124
0.413386
0.399842
0.429712
0.443666
0.416596
0.45167
0.420734
0.415622
0.401298
0.413398
0.38703
0.40853
0.422996
0.35076
0.41367
0.43931
0.467604
0.41668
0.431762
0.419684
0.44623
0.410718
0.408758
0.37665
0.365922
0.36552
0.362796
0.36261
0.356994
0.354622
0.350772
0.348062
0.35691
0.360708
0.367114
0.391528
0.400928
0.358556
0.374358
0.36025
0.370942
0.38638
0.381612
0.360282
0.389906
0.432714
0.391952
0.407224
0.42917
0.445994
0.407182
0.415946
0.417632
0.439646
0.389284
0.365386
0.347772
0.351252
0.351582
0.362814
0.365554
0.373054
0.363084
0.365956
0.370264
0.367974
0.382536
0.395806
0.412074
0.456638
0.498984
0.471
0.481662
0.451918
0.443282
0.47545
0.449204
0.415282
0.377842
0.363408
0.365994
0.391172
0.3705
0.373069
0.382372
0
0
0
0
0
0.370268
0.36663
0.357142
0.363726
0.394612
0.4822
0.411566
0.376484
0.401696
0.407772
0.395386
0.39264
0.49606
0.514046
0.496652
0.48285
0.452034
0.418238
0.535324
0.532962
0.526272
0.521648
0.489862
0.51916
0.478986
0.527966
0.478782
0.480834
0.513066
0.510424
0.51578
0.503182
0.509262
0.479908
0.451868
0.49342
0.431808
0.456842
0.424088
0.425212
0.444992
0.4909
0.438964
0.454896
0.456434
0.404374
0.440806
0.41495
0.44221
0.418792
0.384958
0.374858
0.360256
0.356082
0.360712
0.378292
0.399106
0.393182
0.369654
0.365226
0.36264
0.38319
0.399164
0.411896
0.392984
0.389072
0.37274
0.372728
0.35061
0.360532
0.377442
0.355852
0.348606
0.358882
0.383124
0.392268
0.400648
0.399872
0.414378
0.40433
0.406686
0.394296
0.388312
0.380466
0.363682
0.358926
0.35311
0.354998
0.353702
0.345354
0.35221
0.37398
0.380594
0.378224
0.38471
0.399488
0.385836
0.363306
0.37837
0.35887
0.361978
0.352582
0.359062
0.376274
0.363296
0.377982
0.41748
0.397052
0.38668
0.380122
0.3854
0.40282
0.390522
0.41446
0.418504
0.423426
0.421426
0.44457
0.44688
0.417708
0.410664
0.4074
0.435876
0.463174
0.436806
0.488786
0.484424
0.444716
0.488002
0.480172
0.503012
0.453892
0.451474
0.424136
0.395702
0.40002
0.43936
0.451012
0.388036
0.378928
0.43565
0.46299
0.417762
0.49352
0.440988
0.39302
0.375458
0.40902
0.43162
0.40706
0.432798
0.453646
0.420174
0.43608
0.427534
0.418668
0.41695
0.424562
0.463508
0.477368
0.453276
0.39802
0.472862
0.442658
0.399498
0.454886
0.456628
0.481514
0.505288
0.444334
0.438714
0.41697
0.435608
0.443256
0.48392
0.49723
0.456047
0.40808
0.443898
0.425492
0.408418
0.401442
0.387342
0.366646
0.372512
0.417136
0.42295
0.4237
0.435564
0.408382
0.408554
0.38677
0.376324
0.37357
0.38245
0.362592
0.355312
0.354558
0.353542
0.36429
0.382262
0.403722
0.36997
0.364888
0.356186
0.374964
0.379968
0.36978
0.376352
0.35584
0.356792
0.381766
0.39317
0.389244
0.401952
0.383364
0.391712
0.401544
0.373424
0.36591
0.382238
0.386744
0.394546
0.3928
0.445564
0.423394
0.420302
0.407896
0.39048
0.359258
0.41501
0.419508
0
0
0
0
0
0.395757
0.375454
0.379224
0.366068
0.373234
0.368308
0.365102
0.358356
0.363702
0.388466
0.400762
0.38768
0.362586
0.37949
0.368532
0.36867
0.395732
0.379716
0.390786
0.384034
0.404302
0.466554
0.40857
0.482782
0.460224
0.485154
0.4303
0.422712
0.446622
0.47009
0.494634
0.488764
0.478544
0.464868
0.475738
0.398102
0.363334
0.46937
0.473478
0.456034
0.489748
0.448166
0.388658
0.372928
0.364936
0.356232
0.345116
0.348154
0.364142
0.363898
0.368012
0.413288
0.37461
0.387378
0.412706
0.413002
0.379192
0.395444
0.398868
0.381042
0.391628
0.3972
0.40025
0.408422
0.396554
0.397486
0.381736
0.374582
0.3766
0.381062
0.362442
0.362092
0.34981
0.345872
0.357424
0.347254
0.35983
0.395976
0.389838
0.391286
0.374082
0.356664
0.35556
0.344964
0.378156
0.373756
0.362134
0.360092
0.345514
0.356252
0.358398
0.374562
0.365934
0.354852
0.343676
0.345548
0.342566
0.353472
0.346702
0.341412
0.35352
0.357044
0.364162
0.368366
0.39183
0.373318
0.357188
0.352462
0.357422
0.375328
0.394722
0.39647
0.416062
0.412538
0.415464
0.41997
0.412052
0.41333
0.410604
0.379372
0.385228
0.38849
0.411584
0.401098
0.36693
0.375034
0.40697
0.394008
0.400446
0.398464
0.386518
0.39935
0.38414
0.42368
0.436574
0.414008
0.41445
0.417556
0.423424
0.402634
0.441128
0.429456
0.463198
0.457849
0.461426
0.491156
0.436946
0.466126
0.479896
0.444568
0.439234
0.4441
0.504006
0.480556
0.438194
0.443184
0.423534
0.42253
0.425584
0.460374
0.469468
0.446178
0.426214
0.423882
0.440854
0.436444
0.489736
0.463426
0.476697
0.502718
0.463444
0.471974
0.477336
0.45852
0.516816
0.514068
0.464992
0.41542
0.406738
0.403348
0.415266
0.411862
0.439372
0.461184
0.430628
0.43078
0.471364
0.471672
0.509582
0.508242
0.555855
0.548876
0.438818
0.142857
0
0
0
0
0
0
0
0
0
0
0
0
0
0
0
0
0
0
0
0
0
0
0
0
0
0
0
0
0
0
0
0
0
0
0
0
0
0.404234
0.425458
0.416596
0.42897
0.414842
0.4358
0.41415
0.40181
0.382624
0.410236
0.411338
0.440472
0.422498
0.417354
0.412066
0.405216
0.43091
0.43828
0.422778
0.417502
0.416382
0.402914
0.424258
0.43171
0.435476
0.424572
0.38969
0.39255
0.391216
0.407746
0.383218
0.385796
0.391368
0.345086
0.390724
0.390918
0.398244
0.379438
0.355258
0.358236
0.370638
0.385752
0.38034
0.418432
0.422964
0.396054
0.391276
0.389794
0.399234
0.404274
0.380094
0.421932
0.418864
0.418072
0.42907
0.389166
0.396
0.377262
0.395582
0.391822
0.40212
0.38662
0.418496
0.399144
0.393234
0.415114
0.415412
0.415692
0.415886
0.404528
0.359326
0.358558
0.357876
0.343892
0.344206
0.341254
0.338442
0.347954
0.344594
0.344752
0.356446
0.376872
0.376152
0.375556
0.3765
0.361408
0.346114
0.345712
0.33443
0.340132
0.35175
0.34029
0.340938
0.344702
0.342354
0.355636
0.345112
0.35098
0.349534
0.344666
0.335586
0.334158
0.348108
0.341446
0.341124
0.347658
0.342294
0.363034
0.371682
0.396374
0.386432
0.376748
0.373978
0.379402
0.386144
0.363316
0.385026
0.374852
0.379282
0.365898
0.381148
0.37283
0.379222
0.389852
0.360966
0.351514
0.346408
0.344658
0.3378
0.342198
0.349818
0.346774
0.347094
0.349074
0.34875
0.338426
0.34753
0.340902
0.341726
0.349074
0.344254
0.33951
0.346792
0.351086
0.361712
0.367234
0.36675
0.355298
0.355498
0.36763
0.363548
0.374278
0.403246
0.418466
0.41146
0.379034
0.377718
0.40131
0.399514
0.43209
0.452612
0.420484
0.436552
0.419982
0.42803
0.393012
0.3654
0.374152
0.39035
0.387618
0.365312
0.354764
0.36205
0.356688
0.363612
0.389278
0.406338
0.385356
0.371734
0.373458
0.381088
0.394106
0.417744
0.435238
0.470208
0.446056
0.480979
0.481181
0.464842
0.514214
0.513755
0.533153
0.43862
0.142857
0
0
0
0
0
0
0
0
0
0
0
0
0
0
0
0
0
0
0
0
0
0
0
0
0
0
0
0
0
0
0
0
0
0
0
0
0
0.402923
0.41986
0.37681
0.40543
0.434554
0.43461
0.393156
0.39586
0.460962
0.47089
0.434294
0.49279
0.39772
0.384582
0.370308
0.362642
0.350698
0.34682
0.342546
0.355464
0.359594
0.354986
0.370538
0.380166
0.380022
0.407736
0.393036
0.38848
0.378234
0.376142
0.402346
0.421592
0.422104
0.42251
0.38018
0.391134
0.393538
0.368402
0.381526
0.372506
0.383874
0.39277
0.3728
0.351378
0.342056
0.34853
0.344752
0.34929
0.34381
0.338998
0.35152
0.357868
0.381296
0.382314
0.36724
0.343986
0.344032
0.353316
0.359172
0.353058
0.356418
0.392822
0.42553
0.403186
0.408314
0.400204
0.403488
0.398206
0.393594
0.394116
0.388592
0.405528
0.42106
0.415676
0.403192
0.401252
0.404546
0.38703
0.395342
0.393
0.40322
0.395848
0.384878
0.379888
0.3839
0.422238
0.400726
0.379706
0.366442
0.397368
0.414172
0.418434
0.461806
0.429724
0.404608
0.401002
0.359896
0.412238
0.412654
0.400312
0.476956
0.438524
0.452154
0.41375
0.41285
0.410726
0.40523
0.416578
0.463822
0.43401
0.452952
0.461366
0.457102
0.449062
0.4186
0.459308
0.47874
0.468288
0.443744
0.425486
0.392116
0.38308
0.382414
0.37664
0.368948
0.402386
0.394668
0.361838
0.355614
0.35006
0.35403
0.359396
0.359286
0.373688
0.373288
0.357156
0.362456
0.374818
0.397198
0.409568
0.398036
0.444552
0.417892
0.4507
0.436662
0.471382
0.404164
0.457604
0.482038
0.43186
0.469698
0.43206
0.468214
0.462724
0.451262
0.440962
0.433828
0.428298
0.416586
0.410028
0.435088
0.47431
0.48454
0.488416
0.498284
0.474086
0.464424
0.477944
0.481492
0.486606
0.481844
0.536122
0.56353
0.576068
0.528326
0.41054
0.46095
0.142857
0
0
0
0
0
0
0
0
0
0
0
0
0
0
0
0
0
0
0
0
0
0
0
0
0
0
0
0
0
0
0
0
0
0
0
0
0
0
0
0.426961
0.422785
0.422482
0.398134
0.388982
0.453687
0.43284
0.421767
0.393276
0.390522
0.434976
0.408326
0.432516
0.406502
0.413588
0.407526
0.439688
0.430238
0.465989
0.432996
0.421046
0.422042
0.430482
0.4654
0.418084
0.427578
0.398976
0.410456
0.412072
0.418706
0.397204
0.366532
0.366536
0.368954
0.380046
0.365324
0.38432
0.394584
0.393758
0.399482
0.420126
0.482436
0.471122
0.459268
0.480834
0.4222
0.409912
0.448884
0.424304
0.413786
0.444232
0.426808
0.393324
0.370914
0.358776
0.385686
0.395874
0.393212
0.384338
0.369338
0.386104
0.406146
0.41383
0.406572
0.427398
0.404444
0.407144
0.381504
0.37221
0.360072
0.38455
0.406256
0.396444
0.368042
0.37793
0.429234
0.40301
0.418094
0.407998
0.423222
0.40608
0.406696
0.421408
0.400326
0.387416
0.434378
0.442288
0.423578
0.440312
0.419768
0.478118
0.450914
0.45529
0.460698
0.476824
0.390678
0.424286
0.46945
0.43383
0.448238
0.475958
0.457978
0.405748
0.421234
0.411124
0.431982
0.410946
0.43198
0.501528
0.497994
0.498038
0.48797
0.442674
0.393888
0.413424
0.443412
0.510878
0.454394
0.482332
0.418268
0.424712
0.439456
0.44443
0.399866
0.416432
0.462184
0.445004
0.426782
0.412356
0.420818
0.457105
0.437698
0.428638
0.406892
0.38911
0.376888
0.40933
0.45941
0.468534
0.460834
0.467428
0.469724
0.46273
0.420634
0.417038
0.442468
0.43785
0.45015
0.396588
0.385846
0.391776
0.38007
0.378068
0.413016
0.39041
0.376176
0.383202
0.429062
0.440028
0.4343
0.404012
0.454626
0.440664
0.476364
0.42655
0.44972
0.542895
0.59863
0.611958
0.542538
0.559944
0.541014
0.506584
0.481028
0.511954
0.51982
0.474076
0.445702
0.41736
0.409234
0.415294
0.410102
0.411968
0.468838
0.45754
0.4175
0.436488
0.45811
0.497032
0.473242
0.467654
0.458752
0.425348
0.415858
0.428762
0.44743
0.467804
0.463958
0.492584
0.43182
0.44267
0.4273
0.452574
0.437982
0.45263
0.446148
0.433602
0.421254
0.435094
0.44405
0.448656
0.43244
0.451208
0.450524
0.440274
0.435098
0.434874
0.417998
0.403926
0.430092
0.47219
0.48159
0.48177
0.502974
0.491628
0.488062
0.499122
0.512802
0.504566
0.415126
0.413768
0.42119
0.423782
0.424204
0.419426
0.413356
0.375486
0
0
0
0
0
0
0
0
0
0
0
0
0
0
0
0
0
0
0
0
0
0.365968
0.430712
0.397688
0.398564
0.439382
0.43178
0.439434
0.50113
0.450394
0.464626
0.436646
0.400668
0.388386
0.402398
0.401192
0.399536
0.4438
0.421296
0.44342
0.434492
0.435946
0.459642
0.480298
0.50999
0.46167
0.435058
0.380342
0.366864
0.374808
0.357936
0.35962
0.362798
0.36981
0.367752
0.362716
0.361938
0.367144
0.373022
0.395422
0.424918
0.460444
0.47428
0.500038
0.509428
0.47568
0.462042
0.444658
0.439714
0.472376
0.482636
0.419272
0.432502
0.413094
0.407694
0.443488
0.408398
0.426934
0.44206
0.465592
0.421996
0.364292
0.365794
0.399392
0.424968
0.423542
0.427676
0.437052
0.418704
0.41192
0.417758
0.458876
0.491744
0.415236
0.421332
0.416356
0.451724
0.495282
0.488446
0.543914
0.531404
0.482566
0.492968
0.4877
0.530114
0.536978
0.596716
0.551892
0.54023
0.505334
0.511748
0.504168
0.519426
0.519466
0.46693
0.491356
0.428342
0.510476
0.483664
0.50769
0.450444
0.45926
0.477106
0.451514
0.525084
0.498134
0.477382
0.460262
0.458342
0.460432
0.428882
0.438514
0.431242
0.418304
0.396516
0.42761
0.395442
0.403706
0.412424
0.399218
0.428486
0.440374
0.449046
0.459138
0.509094
0.512678
0.500542
0.46705
0.492352
0.44056
0.44204
0.433442
0.489348
0.417755
0.383624
0
0
0
0
0
0.393699
0.470952
0.42936
0.479212
0.504174
0.448208
0.396784
0.430034
0.438376
0.443106
0.446254
0.439136
0.428866
0.4476
0.436014
0.45917
0.458132
0.41227
0.448542
0.473991
0.468992
0.414578
0.4523
0.518518
0.480056
0.477374
0.486602
0.447436
0.407246
0.505116
0.497962
0.484084
0.468702
0.484936
0.517634
0.46789
0.513108
0.48637
0.438102
0.436978
0.429282
0.463332
0.433908
0.474272
0.465192
0.482962
0.511446
0.50073
0.427158
0.415178
0.376986
0.367474
0.352468
0.361314
0.368632
0.377696
0.396168
0.401924
0.396726
0.435956
0.449494
0.478226
0.457794
0.42656
0.42447
0.414208
0.429684
0.405656
0.41513
0.390428
0.416326
0.451464
0.379422
0.481604
0.466827
0.439218
0.447278
0.409692
0.408706
0.462704
0.433974
0.435952
0.453586
0.40265
0.376874
0.385944
0.375232
0.369078
0.376062
0.386288
0.450316
0.464836
0.48995
0.493464
0.513352
0.516312
0.491318
0.533212
0.507306
0.501826
0.512
0.487602
0.518932
0.49828
0.545138
0.541622
0.522142
0.49865
0.593652
0.56956
0.55126
0.521378
0.552382
0.421114
0.424804
0.369288
0.362276
0.37933
0.40179
0.418534
0.4142
0.376408
0.376238
0.390376
0.407368
0.394192
0.403398
0.435148
0.400468
0.413474
0.439302
0.399972
0.421538
0.441354
0.411454
0.401688
0.446326
0.450036
0.424074
0.446456
0.43092
0.422406
0.393998
0.372405
0
0
0
0
0
0
0.3914
0.408802
0.434142
0.390304
0.44342
0.431246
0.416176
0.412632
0.391936
0.39258
0.38771
0.413462
0.379558
0.3743
0.371156
0.35834
0.346606
0.34582
0.346692
0.355264
0.368256
0.394638
0.411498
0.387256
0.34894
0.361668
0.355594
0.376908
0.39672
0.409928
0.419476
0.41351
0.433286
0.450568
0.37433
0.37267
0.36318
0.37327
0.361296
0.354322
0.357574
0.380686
0.37533
0.36627
0.360992
0.360732
0.362162
0.403266
0.406292
0.436148
0.44437
0.442232
0.428294
0.424858
0.467074
0.490698
0.40405
0.449148
0.431888
0.431212
0.414466
0.397024
0.378258
0.374196
0.361356
0.37288
0.386684
0.375363
0.38789
0.379716
0.39098
0.38248
0.409518
0.431432
0.429298
0.438222
0.433072
0.423508
0.387302
0.354658
0.369458
0.401538
0.382036
0.423464
0.421196
0.393938
0.38642
0.364096
0.346578
0.34597
0.349214
0.341516
0.343736
0.357688
0.343836
0.36374
0.346166
0.361302
0.386564
0.393724
0.36706
0.350194
0.350362
0.371476
0.36668
0.372724
0.423278
0.420031
0.419174
0.41648
0.408936
0.452166
0.449106
0.41084
0.414202
0.459344
0.452262
0.512484
0.486846
0.444537
0.44002
0.484506
0.444276
0.450312
0.445342
0.454596
0.467778
0.468724
0.449298
0.441068
0.436748
0.42825
0.399686
0.388872
0.36788
0.371924
0.375438
0.387288
0.39667
0.38728
0.399516
0.408628
0.378802
0.39029
0.3868
0.387526
0.398846
0.395844
0.36862
0.376368
0.382684
0.388738
0.406368
0.407022
0.40941
0.467112
0.423824
0.42852
0.424484
0.443164
0.418284
0.417532
0.412944
0.41494
0.39846
0.429012
0.457026
0.444838
0.432756
0.47158
0.477702
0.42843
0.392758
0
0
0
0
0
0.355138
0.412397
0.476646
0.468068
0.505724
0.48085
0.474438
0.451472
0.439034
0.458448
0.458276
0.481276
0.492714
0.4598
0.46231
0.474634
0.456558
0.445476
0.399476
0.392482
0.441884
0.445
0.422982
0.427556
0.415122
0.439842
0.4619
0.468044
0.4693
0.429054
0.436784
0.503952
0.44232
0.457246
0.463468
0.47093
0.490982
0.448646
0.46199
0.507052
0.482296
0.459008
0.471474
0.428948
0.400804
0.415348
0.438516
0.407574
0.39181
0.374664
0.38108
0.419088
0.471682
0.486908
0.494938
0.454824
0.477012
0.45553
0.448378
0.436318
0.422272
0.476504
0.520822
0.556734
0.578638
0.56074
0.578976
0.536545
0.578639
0.517805
0.461572
0.506245
0.47359
0.463984
0.407362
0.360474
0.35681
0.361378
0.360154
0.358588
0.360986
0.39941
0.397724
0.418258
0.400592
0.405288
0.415204
0.42238
0.411694
0.412188
0
0
0
0
0
0.436623
0.394138
0.41586
0.401662
0.383042
0.392508
0.389798
0.38697
0.386614
0.392182
0.380454
0.369494
0.384074
0.395102
0.392293
0.386038
0.395092
0.381988
0.402691
0.38581
0.389728
0.402827
0.400348
0.397408
0.392334
0.381834
0.400292
0.39916
0.401776
0.396544
0.381742
0.39613
0
0
0
0
0
0
0
0
0
0
0
0
0
0
0
0
0
0
0
0
0
0
0
0
0
0
0
0
0
0
0
0
0
0
0
0
0
0
0
0
0
0
0
0
0
0
0
0
0
0
0
0
0
0
0
0
0
0
0
0.402284
0.402294
0.489823
0.59553
0.602604
0.579706
0.571498
0.52037
0.54995
0.560916
0.548542
0.533524
0.53617
0.526048
0.504622
0.47585
0.473118
0.538316
0.517498
0.488816
0.446598
0.452544
0.519112
0.524258
0.522054
0.476512
0.443054
0.492094
0.522456
0.485914
0.524882
0.48022
0.484438
0.472562
0.496068
0.50219
0.524848
0.523906
0.534492
0.553808
0.529484
0.486056
0.412986
0.398287
0.403644
0.415278
0.404618
0.421352
0.416314
0.410956
0.405682
0.372064
0
0
0
0
0
0.365357
0.406396
0.431726
0.428818
0.464432
0.481042
0.464304
0.444526
0.441334
0.425616
0.431998
0.46058
0.508066
0.48178
0.45427
0.433574
0.503962
0.526984
0.483648
0.41214
0.433516
0.432528
0.521734
0.514594
0.51134
0.45046
0.477696
0.501826
0.487592
0.485312
0.52331
0.436254
0.444806
0.463468
0.40496
0.505146
0.53189
0.521352
0.472864
0.493942
0.518204
0.49183
0.498268
0.52751
0.518452
0.536796
0.510604
0.516554
0.4887
0.440224
0.433732
0.452356
0.44392
0.485546
0.509138
0.46687
0.544256
0.482056
0.460898
0.437504
0.44371
0.451424
0.497934
0.456533
0.142857
0
0
0
0
0
0
0
0
0
0
0
0
0
0
0
0
0
0
0
0
0
0
0
0
0
0
0
0
0
0
0
0.415623
0.407514
0.414692
0.464026
0.48143
0.475112
0.479746
0.529682
0.552734
0.492355
0.49303
0.50323
0.473248
0.45146
0.47874
0.506722
0.50054
0.48996
0.475616
0.467792
0.442968
0.452898
0.45964
0.467814
0.46286
0.384272
0.444402
0.491816
0.455548
0.493528
0.480436
0.465342
0.462674
0.447362
0.45493
0.43172
0.437222
0.40289
0.431052
0.488378
0.421662
0.495734
0.494842
0.540168
0.534796
0.494896
0.502464
0.528066
0.459382
0.43583
0.448708
0.505242
0.484898
0.512984
0.502858
0.52298
0.472698
0.508554
0.523746
0.485776
0.494098
0.527892
0.504494
0.48227
0.448702
0.503336
0.514166
0.497376
0.539464
0.557058
0.530392
0.142857
0
0
0
0
0
0
0
0
0
0
0
0
0
0
0
0
0
0.368115
0.420428
0.366577
0.389324
0.404628
0
0
0
0
0
0.374911
0.373306
0.427738
0.362078
0.371334
0.380638
0.361482
0.354028
0.360368
0.394778
0.39039
0.352746
0.355744
0.34811
0.348198
0.349948
0.357078
0.340268
0.354
0.348108
0.34772
0.34156
0.364514
0.346152
0.357744
0.372484
0.398726
0.386774
0.377968
0.359766
0.361136
0.369394
0.394444
0.396484
0.374418
0.367018
0.386598
0.44147
0.437202
0.448648
0.426172
0.436404
0.425494
0.441054
0.434526
0.403358
0.425756
0.462804
0.447764
0.41425
0.427904
0.417634
0.447919
0.416792
0.434288
0.403452
0.418316
0.46453
0.494276
0.495596
0.50108
0.526394
0.501022
0.547742
0.522158
0.526494
0.493846
0.50251
0.495486
0.445476
